      0.02478099     -0.01498274      0.02206146      0.00131571      0.00097925      0.00024251     -0.00249791      0.00937740     -0.00048487     -0.00598675      0.01710243     -0.01863308     -0.00098996     -0.00392764     -0.01824309     -0.00863089     -0.00596458     -0.00296704     -0.00919533      0.00229219      0.00097565     -0.00992858     -0.00198585      0.00068305     -0.00038982     -0.00099821      0.00003628     -0.00088778     -0.00256300     -0.00117445     -0.00003711     -0.00049613     -0.00094722      0.00240293     -0.01003323      0.01551893      0.00111342      0.00168521      0.00693456      0.00059845     -0.00086465     -0.00151039      0.00165194      0.00030869     -0.00011832      0.00080648     -0.00014309     -0.00037161
     -0.01498274      0.02264044     -0.02893556      0.00029517     -0.00196222      0.00008256      0.01253310     -0.00918643     -0.00869303     -0.01134294     -0.00777309      0.01467023      0.01706381      0.01279427      0.01600691     -0.00564715     -0.00631713      0.00823839     -0.00161092      0.00128773      0.00268082      0.00488289      0.00031848     -0.00231792     -0.00115924     -0.00410524      0.00109042     -0.00058582      0.00085064      0.00061662     -0.00022889     -0.00062443      0.00069668      0.00733898     -0.01613294      0.03063027     -0.00213408      0.00034449     -0.01350362     -0.00235240     -0.00092456     -0.00230850      0.00011944     -0.00126255     -0.00059842     -0.00212559     -0.00129748     -0.00073454
      0.02206146     -0.02893556      0.05625361      0.00139031     -0.00085454      0.00018105     -0.01463208      0.01069051      0.00090912     -0.00054722      0.04097954     -0.02861984      0.00287495     -0.01775901     -0.03263542     -0.02026964     -0.00756283      0.00272154     -0.00145029     -0.00301949     -0.00321309      0.00237495      0.00520926     -0.00314754     -0.00005730      0.00030006      0.00145155     -0.00019955     -0.00132872     -0.00140584      0.00132661     -0.00190590     -0.00035898     -0.01014104      0.01494991     -0.02685971     -0.01242525      0.00490474     -0.03697179      0.00235370     -0.00073193     -0.00040914      0.00285457     -0.00103070     -0.00022003      0.00207866      0.00030960      0.00026751
      0.00131571      0.00029517      0.00139031      4.54483290     -0.06995625     -0.11126702     -0.67606914     -0.19466545     -0.02157334      0.04015338      0.17204547      0.04726433     -0.02154579      0.00779477      0.02310555     -0.00414870      0.00471357     -0.00042968     -0.02976543     -0.02166198      0.03148573     -0.00797163     -0.22848706     -0.05717701     -8.49245000     -1.18440185     -0.79678605     -2.01772355      1.75334047     -1.84828490     -2.80029468      0.52114894      3.05621162      0.00925471      0.03378605     -0.00272395      0.00620862      0.02907038      0.01061212      0.00147019      0.00014249     -0.01065753     -0.00381950     -0.03449369     -0.01379346      0.02097756      0.00817151     -0.05262576
      0.00097925     -0.00196222     -0.00085454     -0.06995625      3.70614007     -0.12860792     -0.15282624     -1.46464323     -0.30148373      0.01575258     -0.16385574     -0.06838430     -0.00372106      0.01949335     -0.01744753      0.00479130     -0.01583072     -0.00728342     -0.01048932      0.03468841     -0.00734502     -0.07316264     -0.14427475     -0.04564309     -1.29159302     -1.31415764     -0.23777434      1.72249087     -4.20014998      3.32057841      0.54256521     -1.29821628     -1.20326975     -0.01056839      0.02099541      0.04983617     -0.00470484     -0.00209205      0.00226217      0.00770477     -0.00031231      0.01559715      0.00567283     -0.00055802      0.00347383      0.04742590      0.01070822      0.03999636
      0.00024251      0.00008256      0.00018105     -0.11126702     -0.12860792      4.28880142     -0.00736937     -0.35593658     -0.66253537     -0.01348225     -0.13877814     -0.01406719      0.03548997     -0.02042541      0.03267835     -0.00096952      0.00547753     -0.00563805      0.02097078     -0.00659632      0.03570531     -0.00182718      0.01934908      0.03705397     -0.80809551     -0.19642849     -1.23500194     -1.86106061      3.38372627     -4.59255295      3.03288612     -1.13613797     -6.84917660     -0.06441060      0.02976177     -0.04319323      0.00043195     -0.02142732      0.00918108     -0.01085885      0.00514061     -0.02235787      0.00281259      0.00906368      0.00156645     -0.00947723      0.04319891     -0.05149362
     -0.00249791      0.01253310     -0.01463208     -0.67606914     -0.15282624     -0.00736937      4.58983217      0.47168171     -1.12355143     -1.54929170      0.27928676      0.66755303      0.27093533      0.35760198      0.06191914     -0.40350836      0.01533661      0.13776695      0.10377713     -0.49979141     -0.22232665     -2.09962899     -0.43976022      0.41369756     -0.10367990     -0.86686173     -0.23935974      0.05034544      0.25578501      0.14025480      0.03718750      0.42787498      0.10161691     -0.43635145      0.36250251      0.25722503      0.04934224     -0.08247069     -0.00183166     -0.02781216      0.00986426      0.01056247      0.07432603     -0.01691388      0.05952708     -0.44212026     -0.32737385      0.10462022
      0.00937740     -0.00918643      0.01069051     -0.19466545     -1.46464323     -0.35593658      0.47168171      4.44428095      0.99929707      0.61068592     -1.19737053     -0.54647624      0.16378829     -0.19176889     -0.15483452      0.01991872      0.02868384      0.02261272     -0.24333135     -0.17695799      0.01432708     -0.84079298     -1.17919744      0.05687171     -0.00278320     -0.22053032      0.02449083     -0.06860671     -0.64979605     -0.16496781      0.03817269     -0.24535280     -0.00778797     -0.32104516      0.26768073      0.19991551     -0.06265756     -0.10275185     -0.06127210      0.00076321      0.00813845     -0.00040102     -0.02204347     -0.10786809     -0.10880229      0.38632153      0.26466314     -0.08926107
     -0.00048487     -0.00869303      0.00090912     -0.02157334     -0.30148373     -0.66253537     -1.12355143      0.99929707      2.15016572      0.67046793     -0.36893345     -0.94330083     -0.00366950     -0.20835374     -0.01977644      0.13262823      0.01313582     -0.07883999     -0.11012968      0.10181389      0.12979932      0.29264030     -0.06262074     -0.65078112      0.00982258     -0.08632637     -0.06416646      0.14681143      0.49116765      0.23898224     -0.15184114     -0.75210836     -0.17896745      0.14071921     -0.14060730      0.00129993      0.04392766     -0.07763479      0.14160617     -0.00116433      0.00852563     -0.03081760      0.04188023     -0.10370267      0.14023741      0.34465063      0.17205947      0.04189995
     -0.00598675     -0.01134294     -0.00054722      0.04015338      0.01575258     -0.01348225     -1.54929170      0.61068592      0.67046793      4.66203259      0.82745396     -1.54740033     -0.82693845     -0.37058906      0.08039968      0.05755315     -0.25212068     -0.06520183     -0.04792274      0.10891808      0.04455450     -0.35869827     -0.04778110      0.13527345      0.02339240     -0.03024538     -0.02087613      0.01030941     -0.03682152      0.00855625      0.01108660     -0.06648443     -0.01992298     -6.80412821     -3.25406997      2.17460118      0.17131712      0.58881081      0.12986628     -0.09943962     -0.06616078      0.08890740      0.00937660      0.01842005     -0.00351598     -0.07964769     -0.10398981      0.05410954
      0.01710243     -0.00777309      0.04097954      0.17204547     -0.16385574     -0.13877814      0.27928676     -1.19737053     -0.36893345      0.82745396      4.72683637      0.87137699     -0.18145400     -2.24412839     -0.65895437     -0.43679622     -0.17144444      0.05642964      0.13291115     -0.27691576     -0.13430937      0.14884239      0.34722724      0.05974206      0.04998877      0.03985059     -0.00720515      0.02067714     -0.01310548     -0.04243044     -0.00947727     -0.11310345     -0.03155508     -3.22367886     -3.17584191      0.89866559     -0.10714000     -0.25809214     -0.07691364     -0.05474362      0.04833357     -0.01145257      0.02161861     -0.02414036      0.00466291     -0.11117567     -0.00436783     -0.04254621
     -0.01863308      0.01467023     -0.02861984      0.04726433     -0.06838430     -0.01406719      0.66755303     -0.54647624     -0.94330083     -1.54740033      0.87137699      2.05540120      0.18657701     -0.42730619     -0.65295907     -0.16065775      0.02272125      0.13036737      0.03705208     -0.12538479     -0.09952435      0.20009435      0.08566028      0.02217162      0.02405479      0.04263019      0.02256668      0.01932795      0.00624363     -0.01743244      0.01609698     -0.03381459     -0.00083797      2.07841914      0.91829721     -1.65182777     -0.10591804     -0.40019564     -0.03978392      0.10201531     -0.01117972      0.14329381     -0.00390737     -0.00385082     -0.02171971      0.06404273     -0.02586216      0.15462570
     -0.00098996      0.01706381      0.00287495     -0.02154579     -0.00372106      0.03548997      0.27093533      0.16378829     -0.00366950     -0.82693845     -0.18145400      0.18657701      4.68312484      0.28342312     -1.63957398     -2.04368035     -0.86296151      0.34648533     -0.36968317      0.20350914      0.22952647     -0.15736506     -0.20465573     -0.02820956      0.00516424     -0.00253315     -0.00854943     -0.01628205     -0.01846924     -0.00575501     -0.00295029      0.03620089      0.01178067     -0.01925661     -0.65997162     -0.26769307     -5.20319216      2.50027263      3.19799500     -0.04021812      0.00236468      0.01360319     -0.02564553      0.06379260      0.10049688     -0.00587641     -0.01640657     -0.01845187
     -0.00392764      0.01279427     -0.01775901      0.00779477      0.01949335     -0.02042541      0.35760198     -0.19176889     -0.20835374     -0.37058906     -2.24412839     -0.42730619      0.28342312      4.59270068      1.24783864     -0.57205649     -1.22420627     -0.03509666     -0.03653512      0.35369438      0.10927487     -0.18776426     -0.25681176     -0.01060651     -0.01861622     -0.00922868     -0.00232288     -0.01965777     -0.01125149      0.01269675     -0.00607333     -0.02694215      0.00479450     -0.00455006     -0.26346879     -0.12678311      2.52366072     -3.17473938     -2.11751403     -0.74195443     -0.20556979      0.18161133      0.07265279     -0.01332287     -0.08729284     -0.02094512     -0.01219838     -0.00175664
     -0.01824309      0.01600691     -0.03263542      0.02310555     -0.01744753      0.03267835      0.06191914     -0.15483452     -0.01977644      0.08039968     -0.65895437     -0.65295907     -1.63957398      1.24783864      2.25272896      0.57437314      0.09399337     -0.66475304      0.13609253      0.07381034      0.03174484     -0.04800645     -0.01836769     -0.02713487      0.00222370      0.00702867     -0.00637963      0.00139831     -0.03952161     -0.01766340      0.00160067      0.00102720      0.00285143      0.02092051      0.23963823      0.13393565      3.11544143     -2.13511694     -3.26665912     -0.20830695     -0.08857963      0.11890307      0.11059112     -0.09649479      0.12863753     -0.01705958      0.00879867     -0.02397675
     -0.00863089     -0.00564715     -0.02026964     -0.00414870      0.00479130     -0.00096952     -0.40350836      0.01991872      0.13262823      0.05755315     -0.43679622     -0.16065775     -2.04368035     -0.57205649      0.57437314      4.56502490      0.47416353     -1.25751155     -1.81940378      0.39753542      0.62191128      0.30240305      0.42302001      0.04934927      0.01420843      0.00277324      0.00835181      0.02667859      0.00659180     -0.00468268      0.00957808      0.00256982     -0.00992193      0.07759527      0.01130549      0.02829741     -0.40525274     -0.25877526      0.03810406     -1.50528671     -1.08267854     -0.06666334     -0.41739218      0.41862492      0.35243020      0.05505820     -0.07656622      0.04273515
     -0.00596458     -0.00631713     -0.00756283      0.00471357     -0.01583072      0.00547753      0.01533661      0.02868384      0.01313582     -0.25212068     -0.17144444      0.02272125     -0.86296151     -1.22420627      0.09399337      0.47416353      5.52546250      1.27364651      0.79578537     -1.37430618     -0.58696894      0.16775403     -0.22447548     -0.16415736     -0.00084021      0.00518191     -0.00340350     -0.00829086     -0.00512250     -0.00801338     -0.00674365      0.00283091     -0.00091715     -0.03698108     -0.11732389     -0.10855889      0.38712955      0.28681517     -0.08754592     -1.07930258     -9.09421005     -2.06055227     -0.31038988      0.28750668      0.16655103     -0.06227680     -0.11718381     -0.08811948
     -0.00296704      0.00823839      0.00272154     -0.00042968     -0.00728342     -0.00563805      0.13776695      0.02261272     -0.07883999     -0.06520183      0.05642964      0.13036737      0.34648533     -0.03509666     -0.66475304     -1.25751155      1.27364651      1.91098741      0.77500430     -0.45032746     -0.92979904     -0.04360364     -0.25995824     -0.01236183     -0.00332939     -0.00440663     -0.00842950     -0.01256872      0.00139322     -0.00225754     -0.01112938     -0.00537687      0.00077298      0.05144773     -0.09127651      0.11540619      0.38243011      0.22382466      0.04352719     -0.11182044     -2.09237030     -1.52611045      0.09156322     -0.09353848      0.03631644      0.03141501     -0.08009652      0.15560080
     -0.00919533     -0.00161092     -0.00145029     -0.02976543     -0.01048932      0.02097078      0.10377713     -0.24333135     -0.11012968     -0.04792274      0.13291115      0.03705208     -0.36968317     -0.03653512      0.13609253     -1.81940378      0.79578537      0.77500430      5.20343696      0.62994007     -1.33724444     -0.93750924     -0.47848017      0.00895263     -0.00822738     -0.03213611     -0.00588519     -0.01181255     -0.01187483      0.00444305     -0.00233240      0.00685274      0.00150013      0.00228178      0.01249450     -0.00196723     -0.06642541     -0.11215114      0.07653047      0.19376802     -0.09452428     -0.06599137     -7.49305856     -3.09635482      1.44165161      0.19962889      0.61554251      0.19527473
      0.00229219      0.00128773     -0.00301949     -0.02166198      0.03468841     -0.00659632     -0.49979141     -0.17695799      0.10181389      0.10891808     -0.27691576     -0.12538479      0.20350914      0.35369438      0.07381034      0.39753542     -1.37430618     -0.45032746      0.62994007      4.86909882      1.06627812     -0.07837628     -2.38664673     -0.65730764      0.01406062     -0.01326190      0.01279771      0.03763304     -0.00106768      0.00266821      0.02323719     -0.00360790     -0.01281704      0.01780984     -0.01469994     -0.02193892     -0.12975679      0.01018517     -0.03594107      0.64056406     -0.25663522     -0.36412604     -3.09377041     -2.97957243      0.54608968     -0.11384841     -0.30751130     -0.07828682
      0.00097565      0.00268082     -0.00321309      0.03148573     -0.00734502      0.03570531     -0.22232665      0.01432708      0.12979932      0.04455450     -0.13430937     -0.09952435      0.22952647      0.10927487      0.03174484      0.62191128     -0.58696894     -0.92979904     -1.33724444      1.06627812      1.92215284      0.16343552     -0.47981558     -0.72075943      0.01008377      0.02668465      0.02303141      0.00280331     -0.03918775     -0.00982484     -0.00092421      0.01371202      0.00518683     -0.00874970     -0.00334257     -0.03728172      0.07178076     -0.02906615      0.13044469      0.17881543     -0.07381109      0.00853896      1.42930452      0.51443084     -1.34785323     -0.07695725     -0.37846401      0.01094777
     -0.00992858      0.00488289      0.00237495     -0.00797163     -0.07316264     -0.00182718     -2.09962899     -0.84079298      0.29264030     -0.35869827      0.14884239      0.20009435     -0.15736506     -0.18776426     -0.04800645      0.30240305      0.16775403     -0.04360364     -0.93750924     -0.07837628      0.16343552      4.99621465      0.15567761     -1.40536524      0.01013988      0.01629584      0.01032950     -0.02888756      0.02643813     -0.00642353      0.00786261      0.04685336      0.02148661     -0.01228890      0.06673565      0.11264112     -0.00206470     -0.01995602     -0.00067251     -0.07329974      0.04734862      0.11488549     -0.00336837     -0.72336263     -0.22202143     -5.83484520      2.89906423      2.82691315
     -0.00198585      0.00031848      0.00520926     -0.22848706     -0.14427475      0.01934908     -0.43976022     -1.17919744     -0.06262074     -0.04778110      0.34722724      0.08566028     -0.20465573     -0.25681176     -0.01836769      0.42302001     -0.22447548     -0.25995824     -0.47848017     -2.38664673     -0.47981558      0.15567761      4.90016879      1.35733862     -0.02561269     -0.13605755     -0.05014576     -0.05287146      0.01409781     -0.00640788     -0.04029936      0.03725450      0.02698612      0.07449421     -0.02473669     -0.07512427     -0.01005345     -0.02850253      0.02615160      0.03674323      0.03405598     -0.08134236     -0.01050419     -0.23745303     -0.14751568      2.90996763     -3.35456920     -1.99928623
      0.00068305     -0.00231792     -0.00314754     -0.05717701     -0.04564309      0.03705397      0.41369756      0.05687171     -0.65078112      0.13527345      0.05974206      0.02217162     -0.02820956     -0.01060651     -0.02713487      0.04934927     -0.16415736     -0.01236183      0.00895263     -0.65730764     -0.72075943     -1.40536524      1.35733862      2.03791980     -0.02272846     -0.07398973      0.00779780     -0.02856492     -0.02717618      0.01122037     -0.01991880      0.01238824      0.03224634      0.12027573     -0.08187136      0.08754691     -0.01534654      0.01038291     -0.01709429      0.11581711     -0.06643182      0.13243451      0.04023007      0.15885112      0.14230007      2.85461350     -1.97410911     -2.72362642
     -0.00038982     -0.00115924     -0.00005730     -8.49245000     -1.29159302     -0.80809551     -0.10367990     -0.00278320      0.00982258      0.02339240      0.04998877      0.02405479      0.00516424     -0.01861622      0.00222370      0.01420843     -0.00084021     -0.00332939     -0.00822738      0.01406062      0.01008377      0.01013988     -0.02561269     -0.02272846     31.74394759      4.71924332      3.17665658     -0.97235294     -0.21807121      0.02350846     -1.19095426     -0.18672695     -0.32006063      0.02408185     -0.03085374     -0.05534761     -0.00494907     -0.00139565     -0.00124074     -0.00049180      0.00096332     -0.01198415     -0.00915758     -0.01053108     -0.00550362      0.01648313      0.01772974     -0.01268283
     -0.00099821     -0.00410524      0.00030006     -1.18440185     -1.31415764     -0.19642849     -0.86686173     -0.22053032     -0.08632637     -0.03024538      0.03985059      0.04263019     -0.00253315     -0.00922868      0.00702867      0.00277324      0.00518191     -0.00440663     -0.03213611     -0.01326190      0.02668465      0.01629584     -0.13605755     -0.07398973      4.71924332      5.41315744      0.79381904      1.89127592      0.34987756      0.07934866      0.52349353     -0.02200691      0.15180718      0.05599688      0.01877738     -0.05995848      0.00060542      0.00610619      0.00633749      0.00671374      0.00549511     -0.00593147     -0.00061962     -0.04173506     -0.00775151      0.00444222      0.00240187     -0.02090192
      0.00003628      0.00109042      0.00145155     -0.79678605     -0.23777434     -1.23500194     -0.23935974      0.02449083     -0.06416646     -0.02087613     -0.00720515      0.02256668     -0.00854943     -0.00232288     -0.00637963      0.00835181     -0.00340350     -0.00842950     -0.00588519      0.01279771      0.02303141      0.01032950     -0.05014576      0.00779780      3.17665658      0.79381904      4.41574001     -2.04840622     -0.41562430     -0.20438328      2.58424838      0.47129672      0.36417992      0.04539866     -0.01331976     -0.02039794      0.00116269      0.00257495     -0.00285473      0.00413023      0.00158332      0.00256128     -0.00404519     -0.00397654     -0.01193754     -0.02177703     -0.00676973     -0.01486967
     -0.00088778     -0.00058582     -0.00019955     -2.01772355      1.72249087     -1.86106061      0.05034544     -0.06860671      0.14681143      0.01030941      0.02067714      0.01932795     -0.01628205     -0.01965777      0.00139831      0.02667859     -0.00829086     -0.01256872     -0.01181255      0.03763304      0.00280331     -0.02888756     -0.05287146     -0.02856492     -0.97235294      1.89127592     -2.04840622      7.58882951     -6.60803229      7.11814758      0.47466811     -0.98053299      1.04432175     -0.02020588      0.01588409     -0.01203424     -0.00465880      0.00279882     -0.00104823      0.00309701      0.00802597      0.00078668      0.00339689     -0.00118166      0.00623124     -0.00487056     -0.01410706      0.02048596
     -0.00256300      0.00085064     -0.00132872      1.75334047     -4.20014998      3.38372627      0.25578501     -0.64979605      0.49116765     -0.03682152     -0.01310548      0.00624363     -0.01846924     -0.01125149     -0.03952161      0.00659180     -0.00512250      0.00139322     -0.01187483     -0.00106768     -0.03918775      0.02643813      0.01409781     -0.02717618     -0.21807121      0.34987756     -0.41562430     -6.60803229     16.17751758    -12.51757481     -0.21768184      0.31906632     -0.41403755      0.04438191     -0.01892544      0.03564176     -0.00348184     -0.01039676     -0.00880372      0.00621905     -0.00247801      0.01903927     -0.00272351     -0.00951787      0.00384614     -0.00174983     -0.02108555      0.06587721
     -0.00117445      0.00061662     -0.00140584     -1.84828490      3.32057841     -4.59255295      0.14025480     -0.16496781      0.23898224      0.00855625     -0.04243044     -0.01743244     -0.00575501      0.01269675     -0.01766340     -0.00468268     -0.00801338     -0.00225754      0.00444305      0.00266821     -0.00982484     -0.00642353     -0.00640788      0.01122037      0.02350846      0.07934866     -0.20438328      7.11814758    -12.51757481     17.35860889     -1.03350710      1.65477932     -1.69942624      0.01982893     -0.00225508      0.01160234     -0.00079328     -0.00140564     -0.00107187      0.00591343      0.00889024      0.00711704      0.00376576      0.00164236      0.00274470      0.00514409      0.01242364      0.00667391
     -0.00003711     -0.00022889      0.00132661     -2.80029468      0.54256521      3.03288612      0.03718750      0.03817269     -0.15184114      0.01108660     -0.00947727      0.01609698     -0.00295029     -0.00607333      0.00160067      0.00957808     -0.00674365     -0.01112938     -0.00233240      0.02323719     -0.00092421      0.00786261     -0.04029936     -0.01991880     -1.19095426      0.52349353      2.58424838      0.47466811     -0.21768184     -1.03350710     10.18300189     -2.10235869    -11.61176929      0.02859572     -0.01335028     -0.02666789     -0.00024903      0.00002055      0.00249444      0.00799486      0.00380347      0.01310809      0.00048986      0.00453819      0.00182181      0.00310631     -0.00160834      0.03962201
     -0.00049613     -0.00062443     -0.00190590      0.52114894     -1.29821628     -1.13613797      0.42787498     -0.24535280     -0.75210836     -0.06648443     -0.11310345     -0.03381459      0.03620089     -0.02694215      0.00102720      0.00256982      0.00283091     -0.00537687      0.00685274     -0.00360790      0.01371202      0.04685336      0.03725450      0.01238824     -0.18672695     -0.02200691      0.47129672     -0.98053299      0.31906632      1.65477932     -2.10235869      5.44985870      4.44671019     -0.02216948      0.00573094     -0.01643467      0.00040760     -0.04328172      0.00347771     -0.00784057      0.00477942     -0.00481986     -0.00235678      0.00377481      0.00044008     -0.07373991      0.03127692      0.00003096
     -0.00094722      0.00069668     -0.00035898      3.05621162     -1.20326975     -6.84917660      0.10161691     -0.00778797     -0.17896745     -0.01992298     -0.03155508     -0.00083797      0.01178067      0.00479450      0.00285143     -0.00992193     -0.00091715      0.00077298      0.00150013     -0.01281704      0.00518683      0.02148661      0.02698612      0.03224634     -0.32006063      0.15180718      0.36417992      1.04432175     -0.41403755     -1.69942624    -11.61176929      4.44671019     25.52314991     -0.01855946      0.00445398     -0.00400974     -0.00267265     -0.00978120      0.00054782     -0.00728573      0.00401952     -0.00446037     -0.00238530     -0.00182390     -0.00385073     -0.06725812     -0.02181045     -0.02386350
      0.00240293      0.00733898     -0.01014104      0.00925471     -0.01056839     -0.06441060     -0.43635145     -0.32104516      0.14071921     -6.80412821     -3.22367886      2.07841914     -0.01925661     -0.00455006      0.02092051      0.07759527     -0.03698108      0.05144773      0.00228178      0.01780984     -0.00874970     -0.01228890      0.07449421      0.12027573      0.02408185      0.05599688      0.04539866     -0.02020588      0.04438191      0.01982893      0.02859572     -0.02216948     -0.01855946     25.01841134     11.98441961     -7.81261838     -0.01559766      0.04745389     -0.13802152     -0.00188134      0.00557493      0.03102991     -0.02061682      0.00870542     -0.04740096     -0.07987790     -0.05701289      0.00345170
     -0.01003323     -0.01613294      0.01494991      0.03378605      0.02099541      0.02976177      0.36250251      0.26768073     -0.14060730     -3.25406997     -3.17584191      0.91829721     -0.65997162     -0.26346879      0.23963823      0.01130549     -0.11732389     -0.09127651      0.01249450     -0.01469994     -0.00334257      0.06673565     -0.02473669     -0.08187136     -0.03085374      0.01877738     -0.01331976      0.01588409     -0.01892544     -0.00225508     -0.01335028      0.00573094      0.00445398     11.98441961     11.58864920     -3.28015215      0.06264354      0.05985960      0.09160707     -0.12380071     -0.01359846      0.01692789      0.00648412      0.00129012      0.02803059      0.08430666      0.03817297      0.01381650
      0.01551893      0.03063027     -0.02685971     -0.00272395      0.04983617     -0.04319323      0.25722503      0.19991551      0.00129993      2.17460118      0.89866559     -1.65182777     -0.26769307     -0.12678311      0.13393565      0.02829741     -0.10855889      0.11540619     -0.00196723     -0.02193892     -0.03728172      0.11264112     -0.07512427      0.08754691     -0.05534761     -0.05995848     -0.02039794     -0.01203424      0.03564176      0.01160234     -0.02666789     -0.01643467     -0.00400974     -7.81261838     -3.28015215      5.30584703     -0.13173124      0.13678039     -0.19617742     -0.03922532     -0.02804706      0.05536360     -0.03000647      0.02883141     -0.07684694      0.06499973      0.04182011      0.01524967
      0.00111342     -0.00213408     -0.01242525      0.00620862     -0.00470484      0.00043195      0.04934224     -0.06265756      0.04392766      0.17131712     -0.10714000     -0.10591804     -5.20319216      2.52366072      3.11544143     -0.40525274      0.38712955      0.38243011     -0.06642541     -0.12975679      0.07178076     -0.00206470     -0.01005345     -0.01534654     -0.00494907      0.00060542      0.00116269     -0.00465880     -0.00348184     -0.00079328     -0.00024903      0.00040760     -0.00267265     -0.01559766      0.06264354     -0.13173124     18.94793517     -9.25568468    -11.69995942      0.03331303      0.05248160     -0.17274748     -0.08011545      0.08212751      0.03931144     -0.01607265      0.02565858     -0.04012499
      0.00168521      0.00034449      0.00490474      0.02907038     -0.00209205     -0.02142732     -0.08247069     -0.10275185     -0.07763479      0.58881081     -0.25809214     -0.40019564      2.50027263     -3.17473938     -2.13511694     -0.25877526      0.28681517      0.22382466     -0.11215114      0.01018517     -0.02906615     -0.01995602     -0.02850253      0.01038291     -0.00139565      0.00610619      0.00257495      0.00279882     -0.01039676     -0.00140564      0.00002055     -0.04328172     -0.00978120      0.04745389      0.05985960      0.13678039     -9.25568468     11.23973228      8.05877460      0.09045455      0.02328611      0.10982459     -0.06524816      0.04764677      0.01487629      0.02403410     -0.00915146      0.03309766
      0.00693456     -0.01350362     -0.03697179      0.01061212      0.00226217      0.00918108     -0.00183166     -0.06127210      0.14160617      0.12986628     -0.07691364     -0.03978392      3.19799500     -2.11751403     -3.26665912      0.03810406     -0.08754592      0.04352719      0.07653047     -0.03594107      0.13044469     -0.00067251      0.02615160     -0.01709429     -0.00124074      0.00633749     -0.00285473     -0.00104823     -0.00880372     -0.00107187      0.00249444      0.00347771      0.00054782     -0.13802152      0.09160707     -0.19617742    -11.69995942      8.05877460     11.47050616     -0.12630964      0.11245759     -0.22740955      0.01735085     -0.02331771     -0.00807509     -0.02357617      0.02745128     -0.08542304
      0.00059845     -0.00235240      0.00235370      0.00147019      0.00770477     -0.01085885     -0.02781216      0.00076321     -0.00116433     -0.09943962     -0.05474362      0.10201531     -0.04021812     -0.74195443     -0.20830695     -1.50528671     -1.07930258     -0.11182044      0.19376802      0.64056406      0.17881543     -0.07329974      0.03674323      0.11581711     -0.00049180      0.00671374      0.00413023      0.00309701      0.00621905      0.00591343      0.00799486     -0.00784057     -0.00728573     -0.00188134     -0.12380071     -0.03922532      0.03331303      0.09045455     -0.12630964      5.33780178      4.15604556      0.09709942      0.02940692      0.00809439     -0.15653016      0.02609657      0.11141943      0.03451770
     -0.00086465     -0.00092456     -0.00073193      0.00014249     -0.00031231      0.00514061      0.00986426      0.00813845      0.00852563     -0.06616078      0.04833357     -0.01117972      0.00236468     -0.20556979     -0.08857963     -1.08267854     -9.09421005     -2.09237030     -0.09452428     -0.25663522     -0.07381109      0.04734862      0.03405598     -0.06643182      0.00096332      0.00549511      0.00158332      0.00802597     -0.00247801      0.00889024      0.00380347      0.00477942      0.00401952      0.00557493     -0.01359846     -0.02804706      0.05248160      0.02328611      0.11245759      4.15604556     33.22396217      8.05615623      0.02859103      0.03531001      0.11810552     -0.02279491     -0.04321910     -0.00030127
     -0.00151039     -0.00230850     -0.00040914     -0.01065753      0.01559715     -0.02235787      0.01056247     -0.00040102     -0.03081760      0.08890740     -0.01145257      0.14329381      0.01360319      0.18161133      0.11890307     -0.06666334     -2.06055227     -1.52611045     -0.06599137     -0.36412604      0.00853896      0.11488549     -0.08134236      0.13243451     -0.01198415     -0.00593147      0.00256128      0.00078668      0.01903927      0.00711704      0.01310809     -0.00481986     -0.00446037      0.03102991      0.01692789      0.05536360     -0.17274748      0.10982459     -0.22740955      0.09709942      8.05615623      4.79168093     -0.15438242      0.14309923     -0.28430894     -0.01431705     -0.05779953     -0.01061585
      0.00165194      0.00011944      0.00285457     -0.00381950      0.00567283      0.00281259      0.07432603     -0.02204347      0.04188023      0.00937660      0.02161861     -0.00390737     -0.02564553      0.07265279      0.11059112     -0.41739218     -0.31038988      0.09156322     -7.49305856     -3.09377041      1.42930452     -0.00336837     -0.01050419      0.04023007     -0.00915758     -0.00061962     -0.00404519      0.00339689     -0.00272351      0.00376576      0.00048986     -0.00235678     -0.00238530     -0.02061682      0.00648412     -0.03000647     -0.08011545     -0.06524816      0.01735085      0.02940692      0.02859103     -0.15438242     27.38261759     11.57561701     -5.64093486      0.01786732      0.04267503     -0.11989645
      0.00030869     -0.00126255     -0.00103070     -0.03449369     -0.00055802      0.00906368     -0.01691388     -0.10786809     -0.10370267      0.01842005     -0.02414036     -0.00385082      0.06379260     -0.01332287     -0.09649479      0.41862492      0.28750668     -0.09353848     -3.09635482     -2.97957243      0.51443084     -0.72336263     -0.23745303      0.15885112     -0.01053108     -0.04173506     -0.00397654     -0.00118166     -0.00951787      0.00164236      0.00453819      0.00377481     -0.00182390      0.00870542      0.00129012      0.02883141      0.08212751      0.04764677     -0.02331771      0.00809439      0.03531001      0.14309923     11.57561701     10.58129824     -1.61123489      0.05751338      0.06044369      0.13655423
     -0.00011832     -0.00059842     -0.00022003     -0.01379346      0.00347383      0.00156645      0.05952708     -0.10880229      0.14023741     -0.00351598      0.00466291     -0.02171971      0.10049688     -0.08729284      0.12863753      0.35243020      0.16655103      0.03631644      1.44165161      0.54608968     -1.34785323     -0.22202143     -0.14751568      0.14230007     -0.00550362     -0.00775151     -0.01193754      0.00623124      0.00384614      0.00274470      0.00182181      0.00044008     -0.00385073     -0.04740096      0.02803059     -0.07684694      0.03931144      0.01487629     -0.00807509     -0.15653016      0.11810552     -0.28430894     -5.64093486     -1.61123489      3.90798094     -0.12493163      0.14123231     -0.28085846
      0.00080648     -0.00212559      0.00207866      0.02097756      0.04742590     -0.00947723     -0.44212026      0.38632153      0.34465063     -0.07964769     -0.11117567      0.06404273     -0.00587641     -0.02094512     -0.01705958      0.05505820     -0.06227680      0.03141501      0.19962889     -0.11384841     -0.07695725     -5.83484520      2.90996763      2.85461350      0.01648313      0.00444222     -0.02177703     -0.00487056     -0.00174983      0.00514409      0.00310631     -0.07373991     -0.06725812     -0.07987790      0.08430666      0.06499973     -0.01607265      0.02403410     -0.02357617      0.02609657     -0.02279491     -0.01431705      0.01786732      0.05751338     -0.12493163     21.28532365    -10.61830055    -10.93983651
     -0.00014309     -0.00129748      0.00030960      0.00817151      0.01070822      0.04319891     -0.32737385      0.26466314      0.17205947     -0.10398981     -0.00436783     -0.02586216     -0.01640657     -0.01219838      0.00879867     -0.07656622     -0.11718381     -0.08009652      0.61554251     -0.30751130     -0.37846401      2.89906423     -3.35456920     -1.97410911      0.01772974      0.00240187     -0.00676973     -0.01410706     -0.02108555      0.01242364     -0.00160834      0.03127692     -0.02181045     -0.05701289      0.03817297      0.04182011      0.02565858     -0.00915146      0.02745128      0.11141943     -0.04321910     -0.05779953      0.04267503      0.06044369      0.14123231    -10.61830055     12.22617467      7.56942793
     -0.00037161     -0.00073454      0.00026751     -0.05262576      0.03999636     -0.05149362      0.10462022     -0.08926107      0.04189995      0.05410954     -0.04254621      0.15462570     -0.01845187     -0.00175664     -0.02397675      0.04273515     -0.08811948      0.15560080      0.19527473     -0.07828682      0.01094777      2.82691315     -1.99928623     -2.72362642     -0.01268283     -0.02090192     -0.01486967      0.02048596      0.06587721      0.00667391      0.03962201      0.00003096     -0.02386350      0.00345170      0.01381650      0.01524967     -0.04012499      0.03309766     -0.08542304      0.03451770     -0.00030127     -0.01061585     -0.11989645      0.13655423     -0.28085846    -10.93983651      7.56942793      9.16844806
