      0.06622475      0.08360062     -0.28521083     -0.82211494     -0.31730040      0.13934535     -0.06792753      0.05520355     -0.32191774     -0.00039438      0.00302817      0.00143794     -0.00198813      0.00027240      0.00134839     -0.00033961     -0.00050526      0.00027765      0.00010341      0.00016560     -0.00015500
      0.00354032      0.02143084      0.02715412     -0.03382503      0.12732549      0.92206974      0.13150148     -0.18396472      0.28297938     -0.00001256      0.00143261     -0.00073715     -0.00239833      0.00071249      0.00037168     -0.00049082      0.00012333      0.00021437      0.00002109      0.00016208     -0.00006051
     -0.01734624     -0.03626462      0.15057592      0.30229498      0.05467545      0.24924910      0.11246286     -0.04976867     -0.89670209     -0.00126535     -0.00270656     -0.00056686      0.00192514     -0.00030324     -0.00003072     -0.00000888      0.00126063     -0.00011039      0.00001368     -0.00008854      0.00002095
     -0.13805590      0.00407892     -0.11556875      0.21133335     -0.59117882      0.04683820      0.46451853      0.21783040      0.07784700     -0.05876841     -0.10294016      0.36223332      0.00394473      0.25707676     -0.08234949      0.05659282      0.19651274     -0.00250019      0.08302945      0.08682629      0.16590451
     -0.00610767     -0.22218050     -0.00817112     -0.10570661      0.25614916      0.02621932      0.31394927      0.53063276      0.00421421      0.02524412     -0.07223502      0.23380865     -0.00119591     -0.07817023      0.26327410     -0.15751857     -0.53923483      0.01632119     -0.19853087     -0.01155153     -0.03946453
      0.05239850     -0.39916498      0.27401363     -0.25819928      0.09020689     -0.15579163      0.45864153     -0.33181387      0.01263848      0.11039988     -0.07351403      0.21873926     -0.00218169     -0.34383837     -0.12595969      0.07890268      0.25049881     -0.01390947      0.08096245     -0.12820118     -0.22684108
     -0.03331758     -0.05709352      0.62984910     -0.02645645     -0.47773093      0.08388056     -0.18060166      0.14820005      0.06196009     -0.05966069      0.37873043     -0.06740088      0.00806511     -0.25839501      0.07892315      0.07932117     -0.18699482     -0.09746561     -0.03061018     -0.14420873      0.08628946
     -0.00876156      0.19778627      0.26229704     -0.14553190      0.29805484      0.04172994      0.05523773      0.53694252     -0.00590867      0.03165593      0.22805957     -0.03961180      0.01573231      0.06842082     -0.22426280     -0.22866304      0.53266196      0.19793739      0.06098175      0.00301523     -0.01119728
     -0.07683889      0.53242896      0.27678436     -0.15780451      0.08922293     -0.14943548      0.39893569     -0.26726453      0.00067010      0.12033837      0.23426854     -0.04805911      0.00130754      0.34515977      0.11938105      0.09378589     -0.24541148     -0.02929221     -0.01081809      0.23608043     -0.13205303
     -0.40650264     -0.09444853     -0.10767431      0.03478675     -0.14608883      0.01064587      0.15481297      0.04577427      0.01748767     -0.00859928     -0.02019846     -0.45585838      0.36071808      0.05540679     -0.03230474      0.03090862      0.08462662      0.08006021     -0.47368803     -0.20070545     -0.37881165
     -0.26997614     -0.00196190     -0.11266901     -0.01659079      0.08310482      0.00306981      0.14910930      0.15332069     -0.00258239      0.32267127     -0.02781128     -0.32805089      0.22067765     -0.30940253      0.29537432      0.32343256      0.07900710     -0.06404347      0.40150011      0.17720662      0.33126602
     -0.17982659     -0.33330508      0.10935729     -0.12975578      0.04980192     -0.04340597      0.08887220     -0.12078332      0.00120577     -0.36309621      0.00411056     -0.25621624      0.24133108      0.24618072     -0.28760455     -0.39167391     -0.22007163     -0.05729628      0.33504349      0.13660087      0.25655524
      0.29610475      0.10804295     -0.14855293      0.14301225     -0.21578043      0.00602427      0.27071885      0.09571144      0.02934694      0.24507898     -0.01610258     -0.45787739     -0.38428660     -0.18581578     -0.22971792     -0.30399798     -0.16956487     -0.05279922      0.21853374     -0.11508629     -0.19574159
      0.27163970     -0.23649509      0.03639899     -0.03559973      0.05501227      0.00639984      0.10116811      0.15012240      0.00819876     -0.42788578      0.01973064     -0.28149855     -0.23993775      0.34138530      0.35329258      0.39492912      0.14049239     -0.04682429      0.19706354     -0.11683246     -0.19938231
      0.24021414     -0.13857631      0.05114057     -0.04623199      0.00237076     -0.04819638      0.18706096     -0.08431849      0.00871916     -0.03513038     -0.00265456     -0.27271545     -0.23197428     -0.05632222     -0.02980519      0.04980882      0.11609379      0.13536204     -0.57080272      0.31022375      0.53292727
     -0.33144480     -0.11522747      0.30656586     -0.09429401     -0.08453139      0.02980209     -0.19637525      0.01085216      0.00914593      0.23386474     -0.47476135     -0.06851226     -0.37564634      0.17883535      0.25754769     -0.26179734      0.15343828     -0.19032456     -0.02793607      0.24025161     -0.12720342
     -0.27248200      0.23042144      0.04071378     -0.03638260      0.09790025      0.01302746      0.00777186      0.16021729     -0.00704201     -0.41941613     -0.24967424     -0.00988968     -0.23980967     -0.31669383     -0.44074342      0.36224800     -0.13291308     -0.15531814     -0.02389685      0.23381068     -0.12445644
     -0.24808086      0.17868785      0.11538938     -0.07729547      0.05122172     -0.04043349      0.05530130     -0.08743507     -0.00521740     -0.03110283     -0.27635088     -0.03202238     -0.23698298      0.06692213      0.00703961      0.06340356     -0.11443054      0.46177253      0.07110519     -0.62407914      0.32911659
      0.37472675      0.08810773      0.24869332      0.01608289     -0.15881179      0.02672041     -0.06845742      0.05614906      0.02449027     -0.01253311     -0.46601076     -0.06694695      0.38169260     -0.05066309      0.00950705      0.05668213     -0.09421902      0.50892425      0.10247313      0.27224539     -0.17167451
      0.25641146     -0.01023644      0.17226997     -0.06010000      0.08339828      0.01565891     -0.03578923      0.14736201      0.00168154      0.32908200     -0.28075320     -0.04828622      0.22617824      0.31318521     -0.34328416      0.27008299     -0.07069014     -0.47793419     -0.09671493     -0.26537363      0.16728805
      0.15784864      0.37904037      0.04339579      0.00876748      0.00103129     -0.04388212      0.16021937     -0.05011431      0.00484307     -0.37979024     -0.25784718     -0.02967494      0.22783707     -0.26064350      0.33047420     -0.32955800      0.19223191     -0.38973547     -0.07653971     -0.19867326      0.12598109
