     18.11747290     -0.46763713     21.35814787      0.00285997      0.02179981      0.00495780      0.00162821     -0.01115393      0.00285321     -0.14797169     -0.05831417     -0.07199149     -0.04111090     -0.00507523     -0.04470950     -0.00144244      0.12466872      0.00318762      0.12433675     -0.11847799      0.18306044
     -0.46763713      3.87205483     -0.17123552     -0.00327025     -0.01122611     -0.00203199      0.00556949     -0.00040035      0.02122323     -0.05386170     -0.01276776     -0.01263481      0.02787144     -0.03689174     -0.09242984     -0.00071608     -0.01902490     -0.01103925      0.00250010     -0.00101746      0.03330867
     21.35814787     -0.17123552     26.60171113     -0.00171768      0.00029813     -0.00861865      0.00840084      0.01225834      0.00255945      0.00607283     -0.00874541     -0.04005094     -0.01508903     -0.12379211     -0.18676550      0.03177768      0.13047126     -0.02440160      0.11079429     -0.10976986      0.20770103
      0.00285997     -0.00327025     -0.00171768     22.69976049    -13.68863018     -7.44785397     -0.90255264      1.05697444      0.34862973     -0.12312843     -0.16064284     -0.40451504      0.46052989      0.16879701      0.40191114     -6.42394930      3.59472293      1.94855811      0.03075066      0.00939873      0.09431372
      0.02179981     -0.01122611      0.00029813    -13.68863018     13.70200027      3.80453622     -0.98477844      0.78471903      0.42604992     -0.16772460      0.03723374     -0.26370900      0.24692204     -0.19809736      0.50083973      3.54740682     -3.73057641     -1.05692645      0.66893166     -0.35955192     -0.21231292
      0.00495780     -0.00203199     -0.00861865     -7.44785397      3.80453622      5.42515641      1.28518506     -0.92330092     -0.11056852     -0.35243941     -0.25465410     -0.44950195      0.45574833      0.51055778      0.65594123      2.01947397     -1.11782502     -1.82243186     -0.25715676      0.23546705      0.23533904
      0.00162821      0.00556949      0.00840084     -0.90255264     -0.98477844      1.28518506     16.72438387      7.60351759    -13.26019365      0.38067509      0.31793820      0.39932188     -0.13399401     -0.16800479     -0.36823922     -4.81610837     -2.07581014      3.53601437      0.19341953      0.12272843     -0.07758831
     -0.01115393     -0.00040035      0.01225834      1.05697444      0.78471903     -0.92330092      7.60351759      9.60796838     -8.48445629      0.32614681     -0.22464013      0.46794745     -0.17923311      0.03153700     -0.26960452     -1.98231383     -2.65258296      2.11424275     -0.55643867     -0.26435040      0.56466326
      0.00285321      0.02122323      0.00255945      0.34862973      0.42604992     -0.11056852    -13.26019365     -8.48445629     14.94270555      0.30556867      0.41424606      0.75387324     -0.41112365     -0.23986883     -0.42760760      3.46279889      2.15903625     -4.31198125      0.27116591      0.10837325     -0.06409598
     -0.14797169     -0.05386170      0.00607283     -0.12312843     -0.16772460     -0.35243941      0.38067509      0.32614681      0.30556867     17.31007298      7.95913667    -13.14714493     -0.95483827     -0.94236695      1.08453223      0.17591652      0.10681699     -0.08164687     -4.94348632     -2.16617066      3.56992793
     -0.05831417     -0.01276776     -0.00874541     -0.16064284      0.03723374     -0.25465410      0.31793820     -0.22464013      0.41424606      7.95913667      9.88604438     -8.43777046      1.12201775      0.71557985     -0.91606604     -0.57039846     -0.27571228      0.54317502     -2.09622846     -2.68513780      2.09502103
     -0.07199149     -0.01263481     -0.04005094     -0.40451504     -0.26370900     -0.44950195      0.39932188      0.46794745      0.75387324    -13.14714493     -8.43777046     14.18059680      0.34091055      0.43538871     -0.24814613      0.25001115      0.13577137     -0.07302551      3.46723358      2.09889501     -4.01653922
     -0.04111090      0.02787144     -0.01508903      0.46052989      0.24692204      0.45574833     -0.13399401     -0.17923311     -0.41112365     -0.95483827      1.12201775      0.34091055     21.47846100    -13.39879031     -7.85970147      0.00995238      0.04820894      0.07985278     -5.99581646      3.44784070      2.09974445
     -0.00507523     -0.03689174     -0.12379211      0.16879701     -0.19809736      0.51055778     -0.16800479      0.03153700     -0.23986883     -0.94236695      0.71557985      0.43538871    -13.39879031     13.90427237      4.29328363      0.69377504     -0.39411818     -0.25119468      3.41144421     -3.73130963     -1.19457518
     -0.04470950     -0.09242984     -0.18676550      0.40191114      0.50083973      0.65594123     -0.36823922     -0.26960452     -0.42760760      1.08453223     -0.91606604     -0.24814613     -7.85970147      4.29328363      5.79447645     -0.24256972      0.23258433      0.20282849      2.19996950     -1.27299771     -1.83973644
     -0.00144244     -0.00071608      0.03177768     -6.42394930      3.54740682      2.01947397     -4.81610837     -1.98231383      3.46279889      0.17591652     -0.57039846      0.25001115      0.00995238      0.69377504     -0.24256972      3.96884924     -0.98572908     -1.63393932     -0.77066191      0.50958939      0.04781352
      0.12466872     -0.01902490      0.13047126      3.59472293     -3.73057641     -1.11782502     -2.07581014     -2.65258296      2.15903625      0.10681699     -0.27571228      0.13577137      0.04820894     -0.39411818      0.23258433     -0.98572908      5.91372130     -1.65527306      0.49305721     -3.83960671      1.25313557
      0.00318762     -0.01103925     -0.02440160      1.94855811     -1.05692645     -1.82243186      3.53601437      2.11424275     -4.31198125     -0.08164687      0.54317502     -0.07302551      0.07985278     -0.25119468      0.20282849     -1.63393932     -1.65527306      2.69861083      0.04923145      1.26683103     -0.96634722
      0.12433675      0.00250010      0.11079429      0.03075066      0.66893166     -0.25715676      0.19341953     -0.55643867      0.27116591     -4.94348632     -2.09622846      3.46723358     -5.99581646      3.41144421      2.19996950     -0.77066191      0.49305721      0.04923145      3.87415288     -0.90364865     -1.68829412
     -0.11847799     -0.00101746     -0.10976986      0.00939873     -0.35955192      0.23546705      0.12272843     -0.26435040      0.10837325     -2.16617066     -2.68513780      2.09889501      3.44784070     -3.73130963     -1.27299771      0.50958939     -3.83960671      1.26683103     -0.90364865      5.87127143     -1.60738316
      0.18306044      0.03330867      0.20770103      0.09431372     -0.21231292      0.23533904     -0.07758831      0.56466326     -0.06409598      3.56992793      2.09502103     -4.01653922      2.09974445     -1.19457518     -1.83973644      0.04781352      1.25313557     -0.96634722     -1.68829412     -1.60738316      2.60916401
