      4.67029335      0.10272996    -11.33781971     -0.05505918      0.02327444     -0.02700418     -0.14936938     -0.08322819     -0.05749304     -0.07645810     -0.02631501      0.01962094      0.01027305      0.01201831     -0.01855803      0.00528821     -0.00069800     -0.00430794      0.00604853     -0.00116567     -0.00423668      0.00735083     -0.00382467     -0.00268514      0.00880156     -0.02408071     -0.02457115     -0.01234572      0.01608809     -0.01507621      0.13514711     -0.01058423     -0.05470528     -0.03359906     -0.05660788     -0.02336103     -0.02289837     -0.00409758      0.00109245     -0.01657776      0.00355694      0.00623242     -0.04950056     -0.00140017     -0.00420414     -0.01650050      0.06084351     -0.04440408
      0.10272996      3.98460773     -0.73429455      0.01692715     -0.01472916      0.03582503     -0.05792472     -0.00926243     -0.01218074     -0.00402973     -0.01745238     -0.00147293     -0.00065843     -0.01647915      0.01708696      0.00084147      0.00149617      0.00749809     -0.00276699     -0.01530521     -0.00260666      0.00024575      0.00721942     -0.00907848      0.00574646     -0.02790365     -0.06167786      0.01079742      0.01382317      0.00384473      0.01992532      0.03497744     -0.03217651      0.05605932     -0.01229086     -0.04069144     -0.10372971      0.01970035     -0.03079789     -0.00114975     -0.07553175      0.00157429      0.11685319      0.03335880      0.03849337     -0.10429674      0.01472729      0.06473955
    -11.33781971     -0.73429455     34.73599780      0.07740211     -0.01543489      0.02342301      0.02674542      0.03106754     -0.02187800      0.04236057      0.01208495      0.00221323     -0.00698806      0.00074414      0.04203940     -0.03124805     -0.00885391      0.00673348     -0.01124322      0.00556053      0.01654050     -0.03496095      0.02566455      0.00323220     -0.00059719      0.01681438      0.04032422     -0.08456953     -0.00518510     -0.09250076     -0.25085847      0.00679263      0.31774932      0.16005377      0.18313796      0.03984855     -0.03594353      0.03043505     -0.01488298     -0.04566064     -0.02608371     -0.02441097      0.02563368     -0.00484878     -0.00727967      0.11571454     -0.18456652      0.05482539
     -0.05505918      0.01692715      0.07740211      9.02197819    -10.00884007     -1.85488118      0.55496357     -1.31969910     -0.35734463      0.11509610     -0.43848814     -0.04555599     -0.00914715     -0.10236905      0.01065972      0.00386570     -0.00059982      0.00265461      0.00043478     -0.00840143      0.00461935     -0.04741621      0.00188960     -0.01054412     -0.00503860     -0.00593197      0.01765356     -2.32221820      2.59887605      0.54529514     -0.35124521      0.80316913      0.14260550      0.05402866      0.05042096      0.00054737      0.00039795     -0.00085569     -0.00505251      0.00139416     -0.00305247      0.00206716      0.00052534      0.04359031     -0.01487730     -0.15707590     -0.04863643     -0.03190874
      0.02327444     -0.01472916     -0.01543489    -10.00884007     27.49442345      4.72481733      0.77889112     -1.74243375     -0.47590410      0.20302858     -0.59810322      0.02476143      0.03167319      0.02999640     -0.01920493      0.00401343      0.00108222     -0.00147708      0.00664073      0.00249161     -0.00460499      0.00298178     -0.00141003      0.00237391     -0.01816603      0.02712649      0.00062900      2.67219837     -7.35398595     -1.24657391     -0.02682422      0.01674341      0.02940080     -0.04570912      0.02397562     -0.00298585      0.00686477      0.00366221      0.00857374     -0.00053766      0.00511577      0.00064997     -0.00700297     -0.00323587     -0.00328251      0.00049311      0.01432624     -0.01127528
     -0.02700418      0.03582503      0.02342301     -1.85488118      4.72481733      5.02199956     -0.75323291      1.55886583      0.26152434      1.13126913     -2.66317973     -0.47269022      0.02005341     -0.00593748      0.02539486      0.00178350     -0.00296660     -0.00350174     -0.00288347     -0.00096345      0.00068523     -0.01150196      0.00456895     -0.01364595      0.00639048     -0.01424976     -0.01522632      0.57696521     -1.27333171     -1.37064447     -0.10680805      0.20435865     -0.02605891      0.01051770      0.00580561      0.00714784      0.00221622     -0.00167862     -0.00539511      0.00189504      0.00506495      0.00125205     -0.01460486      0.00978983      0.00510924     -0.04367914     -0.00725652      0.02238652
     -0.14936938     -0.05792472      0.02674542      0.55496357      0.77889112     -0.75323291     11.09065935      9.05010399     -7.19508159      0.17613317      0.31502786     -0.22815252     -0.00095674      0.00448375      0.03475389     -0.03748474     -0.00087464     -0.01078579     -0.00433393      0.00836133      0.01204520     -0.00003336      0.00499995     -0.00030742     -0.00189388      0.08212864      0.04724385     -2.85387087     -2.32188160      1.98987585     -0.45007178     -0.59595421      0.42876230     -0.11260271      0.05638397     -0.00919694     -0.00339397     -0.03010128     -0.03099846     -0.00362834      0.00341932      0.00486679     -0.00415161     -0.00129637     -0.02075268      0.05684481     -0.04278451     -0.01744682
     -0.08322819     -0.00926243      0.03106754     -1.31969910     -1.74243375      1.55886583      9.05010399     16.76030227    -10.51937046      0.36296753      0.46867631     -0.38726380      0.01966587      0.04592522      0.01958953     -0.00307546      0.00283880      0.00298861     -0.00144468      0.00291946      0.01494166     -0.00388012      0.00090674      0.00288004     -0.01913168      0.00310454      0.04333266     -2.34099689     -4.45047338      2.76236163     -0.00890054     -0.00181700     -0.07832856     -0.02110601      0.01458454      0.00940704      0.00707967     -0.00559918      0.00010282      0.00940914      0.01243478     -0.00027201     -0.01933969     -0.00058103     -0.01570733      0.04986674      0.00113925      0.00143683
     -0.05749304     -0.01218074     -0.02187800     -0.35734463     -0.47590410      0.26152434     -7.19508159    -10.51937046     12.68311085      1.39723716      2.06103184     -1.62549755     -0.00288451      0.00751434      0.01660231     -0.00893473     -0.00034665     -0.00573502     -0.00006076     -0.00092774      0.00278107      0.00386661     -0.00088940     -0.00088657      0.03453685     -0.01509539      0.00278703      2.00499535      2.76163339     -3.35640573     -0.17238679     -0.19110380      0.09605950     -0.03169319      0.00526431     -0.00022201     -0.01698105     -0.00446544     -0.01348815      0.00234288     -0.01117304      0.00129480      0.00841988     -0.00210311     -0.00080240      0.00240689     -0.00287323      0.01801010
     -0.07645810     -0.00402973      0.04236057      0.11509610      0.20302858      1.13126913      0.17613317      0.36296753      1.39723716      5.16022846      1.00740041      4.40780685      0.00893027     -0.00700640     -0.05800763     -0.01937683     -0.00471132     -0.00223440      0.00187256      0.00276672     -0.01760076     -0.00609700      0.00672423      0.00082091      0.02044146      0.03108479     -0.05373619     -1.24505274     -0.26038360     -1.19926758     -0.25059308     -0.20609496     -0.83514518     -0.03156570      0.04005955     -0.00874505     -0.02455450     -0.00465359      0.03952211     -0.00701971      0.00003676     -0.00786725     -0.01902819     -0.00523507      0.03273600      0.02005300     -0.03151063      0.00713496
     -0.02631501     -0.01745238      0.01208495     -0.43848814     -0.59810322     -2.66317973      0.31502786      0.46867631      2.06103184      1.00740041      5.33643153      6.17286756      0.00234027      0.01356897     -0.03473276     -0.00067334      0.00023852     -0.00490972      0.00410049      0.00153720     -0.00485139      0.00149768     -0.00190588      0.00219389      0.00936932     -0.01955142      0.00978629     -0.24257234     -1.43743118     -1.61933218     -0.02349456     -0.01357656      0.02191367     -0.04009602     -0.00201221      0.00150911      0.01555346     -0.01128241      0.01561273      0.00759366      0.02392100      0.00270746     -0.02671207     -0.01147012     -0.01198871      0.05232158     -0.01190590      0.00380300
      0.01962094     -0.00147293      0.00221323     -0.04555599      0.02476143     -0.47269022     -0.22815252     -0.38726380     -1.62549755      4.40780685      6.17286756     30.00533572     -0.00605225      0.00459818     -0.00966031     -0.00624912      0.00015633      0.00383720     -0.00126785      0.00210634     -0.00749716     -0.00355208      0.00269190     -0.00087732     -0.00636039      0.01495687     -0.03570632     -1.10979827     -1.64068872     -7.94830932     -0.09439525     -0.01754207     -0.07106661      0.01676688      0.02560828     -0.00132522     -0.01236573      0.00021631      0.00147359      0.00461972      0.00271090     -0.00101421     -0.01765688      0.00120010      0.00501287      0.01554547     -0.02253817      0.02419058
      0.01027305     -0.00065843     -0.00698806     -0.00914715      0.03167319      0.02005341     -0.00095674      0.01966587     -0.00288451      0.00893027      0.00234027     -0.00605225     12.36097927    -13.69473526      1.62842053      0.09326008     -0.01147372      0.08637749     -0.05544265      0.13107183     -0.01296963      0.00139017      0.00837848      0.01877026      0.05868380     -0.08421398     -0.00268098      0.04317949     -0.03341718      0.02536596      0.24996350     -0.43442944      0.02957946     -3.40117875      3.71216705     -0.42771792     -0.29037677      0.75700578     -0.07069568     -0.13450071     -0.03184566     -0.06535150     -0.02176146     -0.01762363      0.00199344     -0.03082396     -0.10041515     -0.03878354
      0.01201831     -0.01647915      0.00074414     -0.10236905      0.02999640     -0.00593748      0.00448375      0.04592522      0.00751434     -0.00700640      0.01356897      0.00459818    -13.69473526     30.22844754     -2.35199638      0.00801612      0.05045724      0.02703868     -0.02164988      0.01162150     -0.00468459      0.01417187     -0.00697423      0.00713490      0.07463113     -0.09098773      0.01417853      0.04504321      0.02421329      0.00482141      0.37905511     -0.57319938      0.05884422      3.65762506     -7.98781539      0.60662693     -0.04374475      0.10664970     -0.01192614     -0.02267833      0.04389730     -0.01187699     -0.02083591      0.00637216     -0.00187087     -0.11040490     -0.08183213     -0.02383383
     -0.01855803      0.01708696      0.04203940      0.01065972     -0.01920493      0.02539486      0.03475389      0.01958953      0.01660231     -0.05800763     -0.03473276     -0.00966031      1.62842053     -2.35199638      2.30048789      0.08572816     -0.00503220     -0.37028759     -0.01666252      0.03008406      0.00519547      0.02075652      0.00610979     -0.10252188     -0.00519913     -0.00462256      0.03201163      0.02033545      0.00815643     -0.10137298      0.03213528     -0.06122147      0.11156370     -0.37897864      0.51674945     -0.89431687     -0.10474212      0.16930310      0.07771074     -0.07465102     -0.01351211      0.18597086      0.00863481     -0.00281008     -0.03073931     -0.03028782     -0.00632459      0.17551205
      0.00528821      0.00084147     -0.03124805      0.00386570      0.00401343      0.00178350     -0.03748474     -0.00307546     -0.00893473     -0.01937683     -0.00067334     -0.00624912      0.09326008      0.00801612      0.08572816     12.00623685     12.32916312      1.91095336      0.05514985     -0.04561222      0.08580019      0.03821719      0.07292740      0.00601204      0.00062434     -0.01406005      0.02369836     -0.00491508     -0.03376814      0.00111923     -0.12533081      0.03925568     -0.06812198     -0.31690813     -0.75855029     -0.08209836     -3.33189614     -3.34133100     -0.45853289      0.29426176      0.40133676      0.03544374     -0.01104447      0.08522481     -0.04324076     -0.02166909      0.02349783      0.00244017
     -0.00069800      0.00149617     -0.00885391     -0.00059982      0.00108222     -0.00296660     -0.00087464      0.00283880     -0.00034665     -0.00471132      0.00023852      0.00015633     -0.01147372      0.05045724     -0.00503220     12.32916312     27.04121851      2.37495828      0.00419107      0.09676356     -0.01068618     -0.07475671     -0.09232956     -0.00990483     -0.01331552     -0.01344673     -0.00330018      0.00524254      0.00165306      0.00025180      0.02146118      0.04599008      0.00988689      0.05549816      0.09295082      0.01408730     -3.34835539     -7.40637793     -0.65267530     -0.41280100     -0.48341578     -0.08536391      0.10468695     -0.08590345      0.02667784      0.02314898      0.00558713      0.00395531
     -0.00430794      0.00749809      0.00673348      0.00265461     -0.00147708     -0.00350174     -0.01078579      0.00298861     -0.00573502     -0.00223440     -0.00490972      0.00383720      0.08637749      0.02703868     -0.37028759      1.91095336      2.37495828      2.57426075      0.08433800     -0.01069986     -0.35245245      0.00611649      0.01774476      0.01003625      0.02360210     -0.00434543     -0.10470215     -0.00437437     -0.00487610      0.00311217     -0.06440712      0.00489532      0.19005745     -0.07462002     -0.15513709      0.08504448     -0.45266286     -0.64537260     -1.04164407      0.03588923      0.08995561      0.10697891     -0.04455632      0.01936437      0.18705756      0.00261993      0.00448353     -0.02892718
      0.00604853     -0.00276699     -0.01124322      0.00043478      0.00664073     -0.00288347     -0.00433393     -0.00144468     -0.00006076      0.00187256      0.00410049     -0.00126785     -0.05544265     -0.02164988     -0.01666252      0.05514985      0.00419107      0.08433800     32.77275389     -0.46905688      6.39480487      0.06018267     -0.01182654      0.08759160     -0.06101865      0.02121536     -0.01521054     -0.00057524      0.00139610      0.00802497      0.01200619      0.00130979      0.00699222      0.02850010      0.08145522     -0.03621461     -0.27945208     -0.06299411     -0.07980010     -8.96580846      0.11816925     -1.67128771     -0.29934300      0.07741484     -0.08135324      0.02409684     -0.08270567     -0.03415404
     -0.00116567     -0.01530521      0.00556053     -0.00840143      0.00249161     -0.00096345      0.00836133      0.00291946     -0.00092774      0.00276672      0.00153720      0.00210634      0.13107183      0.01162150      0.03008406     -0.04561222      0.09676356     -0.01069986     -0.46905688      5.15208853     -0.12952495      0.04776281      0.09473569      0.00982693     -0.12983086      0.01363560     -0.02515262      0.00067118      0.00600837      0.00036402      0.00050590     -0.03587718     -0.00047393      0.06316193     -0.12623252      0.01386231      0.75112384      0.09289132      0.15814972      0.11329858     -1.48349171      0.02837324     -0.73171770      0.11980124     -0.15314077     -0.06656184     -0.11853745     -0.01067288
     -0.00423668     -0.00260666      0.01654050      0.00461935     -0.00460499      0.00068523      0.01204520      0.01494166      0.00278107     -0.01760076     -0.00485139     -0.00749716     -0.01296963     -0.00468459      0.00519547      0.08580019     -0.01068618     -0.35245245      6.39480487     -0.12952495      3.60087203      0.07786116     -0.00611650     -0.35052489     -0.01462275      0.00199857      0.01436069      0.00282504      0.00054250     -0.02889775      0.01125333      0.00160529     -0.02836333     -0.03614651      0.01887280      0.19313669     -0.07449363     -0.02391182      0.07868651     -1.68308524      0.03606509     -1.31535559     -0.06842582      0.02458888      0.07539194     -0.04302191     -0.01520439      0.18812394
      0.00735083      0.00024575     -0.03496095     -0.04741621      0.00298178     -0.01150196     -0.00003336     -0.00388012      0.00386661     -0.00609700      0.00149768     -0.00355208      0.00139017      0.01417187      0.02075652      0.03821719     -0.07475671      0.00611649      0.06018267      0.04776281      0.07786116     11.31552441    -11.96334901      1.81206582      0.09032947     -0.02214913      0.09515380     -0.00392456      0.03942776      0.00028830     -0.12765854     -0.04031639     -0.06892601     -0.02130383     -0.01982269      0.00179856     -0.01925057     -0.08570478     -0.04389065      0.29867740     -0.42552437      0.03443631     -3.13940429      3.20831058     -0.44368690     -0.29221843      0.76975343     -0.07809011
     -0.00382467      0.00721942      0.02566455      0.00188960     -0.00141003      0.00456895      0.00499995      0.00090674     -0.00088940      0.00672423     -0.00190588      0.00269190      0.00837848     -0.00697423      0.00610979      0.07292740     -0.09232956      0.01774476     -0.01182654      0.09473569     -0.00611650    -11.96334901     27.95000928     -2.44224738      0.01774613      0.05198111      0.00640725     -0.00376965      0.00006804     -0.00025483     -0.01833530      0.04939088     -0.00885787     -0.02187710      0.00384406     -0.00214425     -0.10908131     -0.08326718     -0.02355582      0.39074873     -0.49573957      0.08178919      3.23258228     -7.58594121      0.67074888     -0.03272001      0.07246586     -0.00868827
     -0.00268514     -0.00907848      0.00323220     -0.01054412      0.00237391     -0.01364595     -0.00030742      0.00288004     -0.00088657      0.00082091      0.00219389     -0.00087732      0.01877026      0.00713490     -0.10252188      0.00601204     -0.00990483      0.01003625      0.08759160      0.00982693     -0.35052489      1.81206582     -2.44224738      2.57304382      0.08835707     -0.01872270     -0.37218640     -0.00414064      0.00685632      0.00816182     -0.06568185     -0.00352434      0.18995116      0.00017595     -0.00679850     -0.02869829     -0.03965747     -0.01776295      0.18652802      0.03566191     -0.06942373      0.10496617     -0.43662196      0.64564245     -1.02135260     -0.07471313      0.15722857      0.06834357
      0.00880156      0.00574646     -0.00059719     -0.00503860     -0.01816603      0.00639048     -0.00189388     -0.01913168      0.03453685      0.02044146      0.00936932     -0.00636039      0.05868380      0.07463113     -0.00519913      0.00062434     -0.01331552      0.02360210     -0.06101865     -0.12983086     -0.01462275      0.09032947      0.01774613      0.08835707     13.05177157     13.98293610      1.87336059      0.03195803      0.01734025      0.01187667      0.26805876      0.39927209      0.03159981     -0.01767458      0.09859821     -0.04092358     -0.02068369      0.01923540      0.00367383     -0.13700234      0.04195050     -0.06924378     -0.30631943     -0.74734396     -0.07791871     -3.63027923     -3.75150267     -0.50005983
     -0.02408071     -0.02790365      0.01681438     -0.00593197      0.02712649     -0.01424976      0.08212864      0.00310454     -0.01509539      0.03108479     -0.01955142      0.01495687     -0.08421398     -0.09098773     -0.00462256     -0.01406005     -0.01344673     -0.00434543      0.02121536      0.01363560      0.00199857     -0.02214913      0.05198111     -0.01872270     13.98293610     28.97728583      2.63994609     -0.03799149      0.03533217      0.00022373     -0.42653237     -0.57517591     -0.07879923      0.11735963     -0.09009558      0.02489420      0.02257472      0.00494457      0.00383108      0.02243000      0.04582913      0.00837348      0.06039741      0.11708653      0.01509287     -3.73595468     -7.57848476     -0.69083486
     -0.02457115     -0.06167786      0.04032422      0.01765356      0.00062900     -0.01522632      0.04724385      0.04333266      0.00278703     -0.05373619      0.00978629     -0.03570632     -0.00268098      0.01417853      0.03201163      0.02369836     -0.00330018     -0.10470215     -0.01521054     -0.02515262      0.01436069      0.09515380      0.00640725     -0.37218640      1.87336059      2.63994609      2.40152742      0.01087772     -0.01195331     -0.07415593      0.04129997      0.07979296      0.10572741     -0.03706165      0.00965244      0.17766123      0.00854035      0.00208469     -0.03081551     -0.06989334      0.01545090      0.18775726     -0.09241719     -0.15499110      0.06423143     -0.46365094     -0.62698409     -0.92171647
     -0.01234572      0.01079742     -0.08456953     -2.32221820      2.67219837      0.57696521     -2.85387087     -2.34099689      2.00499535     -1.24505274     -0.24257234     -1.10979827      0.04317949      0.04504321      0.02033545     -0.00491508      0.00524254     -0.00437437     -0.00057524      0.00067118      0.00282504     -0.00392456     -0.00376965     -0.00414064      0.03195803     -0.03799149      0.01087772      3.65046535     -0.05812628     -0.12997379     -1.50387388      0.00193649     -0.20003679     -0.16050323     -0.02802322     -0.04099406      0.01346607     -0.00763449     -0.00715879     -0.01107468     -0.00665695      0.00103505      0.02740689      0.01239494     -0.00094651     -0.16844827      0.04066588     -0.04351791
      0.01608809      0.01382317     -0.00518510      2.59887605     -7.35398595     -1.27333171     -2.32188160     -4.45047338      2.76163339     -0.26038360     -1.43743118     -1.64068872     -0.03341718      0.02421329      0.00815643     -0.03376814      0.00165306     -0.00487610      0.00139610      0.00600837      0.00054250      0.03942776      0.00006804      0.00685632      0.01734025      0.03533217     -0.01195331     -0.05812628      4.51279423      0.02271980      0.03096907     -0.67305148      0.01357591     -0.20727140      0.02578262     -0.05179341     -0.00902376     -0.03036371     -0.00710256     -0.00545121     -0.00433786     -0.00099979      0.01514533     -0.03942587      0.00942741      0.22569747      0.02265622      0.05315947
     -0.01507621      0.00384473     -0.09250076      0.54529514     -1.24657391     -1.37064447      1.98987585      2.76236163     -3.35640573     -1.19926758     -1.61933218     -7.94830932      0.02536596      0.00482141     -0.10137298      0.00111923      0.00025180      0.00311217      0.00802497      0.00036402     -0.02889775      0.00028830     -0.00025483      0.00816182      0.01187667      0.00022373     -0.07415593     -0.12997379      0.02271980      4.14525856     -0.18286228      0.00032783     -0.55137134     -0.03076076     -0.00751931      0.02573896     -0.00445870      0.00359154      0.05877021     -0.00750940     -0.00100977     -0.01049440      0.00058619     -0.00216130      0.04676017     -0.03115262      0.01094629      0.01051634
      0.13514711      0.01992532     -0.25085847     -0.35124521     -0.02682422     -0.10680805     -0.45007178     -0.00890054     -0.17238679     -0.25059308     -0.02349456     -0.09439525      0.24996350      0.37905511      0.03213528     -0.12533081      0.02146118     -0.06440712      0.01200619      0.00050590      0.01125333     -0.12765854     -0.01833530     -0.06568185      0.26805876     -0.42653237      0.04129997     -1.50387388      0.03096907     -0.18286228      4.69374282      0.03296658      0.70271879     -1.32534558     -0.93556007     -0.16143581     -0.21265938     -0.21249288     -0.05090202      0.02550456     -0.00178487      0.01449153     -0.19858230      0.22246145     -0.05109664     -1.26982450      0.89893581     -0.15784000
     -0.01058423      0.03497744      0.00679263      0.80316913      0.01674341      0.20435865     -0.59595421     -0.00181700     -0.19110380     -0.20609496     -0.01357656     -0.01754207     -0.43442944     -0.57319938     -0.06122147      0.03925568      0.04599008      0.00489532      0.00130979     -0.03587718      0.00160529     -0.04031639      0.04939088     -0.00352434      0.39927209     -0.57517591      0.07979296      0.00193649     -0.67305148      0.00032783      0.03296658      5.27415408     -0.00358015     -0.50513512     -2.11166968     -0.09810844     -0.50131050      0.22560994     -0.09678621     -0.01158143     -0.45977591     -0.00095401      0.51668891      0.19740195      0.09797513      0.48237046     -2.14769123      0.09942978
     -0.05470528     -0.03217651      0.31774932      0.14260550      0.02940080     -0.02605891      0.42876230     -0.07832856      0.09605950     -0.83514518      0.02191367     -0.07106661      0.02957946      0.05884422      0.11156370     -0.06812198      0.00988689      0.19005745      0.00699222     -0.00047393     -0.02836333     -0.06892601     -0.00885787      0.18995116      0.03159981     -0.07879923      0.10572741     -0.20003679      0.01357591     -0.55137134      0.70271879     -0.00358015      1.45072498     -0.19162784     -0.18398448     -0.52804123     -0.04243653     -0.06150335      0.04257883      0.02850574      0.00085957     -0.05209083     -0.04361611      0.06205814      0.04683037     -0.18466088      0.19080458     -0.52273079
     -0.03359906      0.05605932      0.16005377      0.05402866     -0.04570912      0.01051770     -0.11260271     -0.02110601     -0.03169319     -0.03156570     -0.04009602      0.01676688     -3.40117875      3.65762506     -0.37897864     -0.31690813      0.05549816     -0.07462002      0.02850010      0.06316193     -0.03614651     -0.02130383     -0.02187710      0.00017595     -0.01767458      0.11735963     -0.03706165     -0.16050323     -0.20727140     -0.03076076     -1.32534558     -0.50513512     -0.19162784      5.31141328     -0.37840957      0.84323718     -2.57034164     -0.21296747     -0.42938158     -0.20312290      0.53607475     -0.05100393     -0.34433138     -0.18346911     -0.05987435      0.41029471     -0.15175786      0.06170841
     -0.05660788     -0.01229086      0.18313796      0.05042096      0.02397562      0.00580561      0.05638397      0.01458454      0.00526431      0.04005955     -0.00201221      0.02560828      3.71216705     -7.98781539      0.51674945     -0.75855029      0.09295082     -0.15513709      0.08145522     -0.12623252      0.01887280     -0.01982269      0.00384406     -0.00679850      0.09859821     -0.09009558      0.00965244     -0.02802322      0.02578262     -0.00751931     -0.93556007     -2.11166968     -0.18398448     -0.37840957      5.77237616     -0.03609338      0.23286316     -0.95375296      0.04750916      0.24170329      0.21338822      0.05224966     -0.19821938     -0.10069159     -0.03830746      0.11956283     -0.48180117      0.02224986
     -0.02336103     -0.04069144      0.03984855      0.00054737     -0.00298585      0.00714784     -0.00919694      0.00940704     -0.00022201     -0.00874505      0.00150911     -0.00132522     -0.42771792      0.60662693     -0.89431687     -0.08209836      0.01408730      0.08504448     -0.03621461      0.01386231      0.19313669      0.00179856     -0.00214425     -0.02869829     -0.04092358      0.02489420      0.17766123     -0.04099406     -0.05179341      0.02573896     -0.16143581     -0.09810844     -0.52804123      0.84323718     -0.03609338      1.18942989     -0.43676039     -0.03477493     -0.57737837     -0.05374453      0.09817478      0.04679570     -0.04670035     -0.03423855     -0.05697742      0.05575668     -0.02317428      0.07897686
     -0.02289837     -0.10372971     -0.03594353      0.00039795      0.00686477      0.00221622     -0.00339397      0.00707967     -0.01698105     -0.02455450      0.01555346     -0.01236573     -0.29037677     -0.04374475     -0.10474212     -3.33189614     -3.34835539     -0.45266286     -0.27945208      0.75112384     -0.07449363     -0.01925057     -0.10908131     -0.03965747     -0.02068369      0.02257472      0.00854035      0.01346607     -0.00902376     -0.00445870     -0.21265938     -0.50131050     -0.04243653     -2.57034164      0.23286316     -0.43676039      5.14135693      0.24917470      0.83814814     -1.33767615      0.50305765     -0.18434463      0.43568736      0.13172261      0.07388257     -0.32949399      0.19958467     -0.04275063
     -0.00409758      0.01970035      0.03043505     -0.00085569      0.00366221     -0.00167862     -0.03010128     -0.00559918     -0.00446544     -0.00465359     -0.01128241      0.00021631      0.75700578      0.10664970      0.16930310     -3.34133100     -7.40637793     -0.64537260     -0.06299411      0.09289132     -0.02391182     -0.08570478     -0.08326718     -0.01776295      0.01923540      0.00494457      0.00208469     -0.00763449     -0.03036371      0.00359154     -0.21249288      0.22560994     -0.06150335     -0.21296747     -0.95375296     -0.03477493      0.24917470      5.68334016      0.01428079      0.93589084     -2.25101273      0.20834172     -0.15803967     -0.44947982     -0.02723927      0.19207158     -0.11358697      0.03849875
      0.00109245     -0.03079789     -0.01488298     -0.00505251      0.00857374     -0.00539511     -0.03099846      0.00010282     -0.01348815      0.03952211      0.01561273      0.00147359     -0.07069568     -0.01192614      0.07771074     -0.45853289     -0.65267530     -1.04164407     -0.07980010      0.15814972      0.07868651     -0.04389065     -0.02355582      0.18652802      0.00367383      0.00383108     -0.03081551     -0.00715879     -0.00710256      0.05877021     -0.05090202     -0.09678621      0.04257883     -0.42938158      0.04750916     -0.57737837      0.83814814      0.01428079      1.19875072     -0.18303036      0.11677632     -0.52911239      0.07779152      0.02924697      0.07774505     -0.05924806      0.04029516     -0.05606969
     -0.01657776     -0.00114975     -0.04566064      0.00139416     -0.00053766      0.00189504     -0.00362834      0.00940914      0.00234288     -0.00701971      0.00759366      0.00461972     -0.13450071     -0.02267833     -0.07465102      0.29426176     -0.41280100      0.03588923     -8.96580846      0.11329858     -1.68308524      0.29867740      0.39074873      0.03566191     -0.13700234      0.02243000     -0.06989334     -0.01107468     -0.00545121     -0.00750940      0.02550456     -0.01158143      0.02850574     -0.20312290      0.24170329     -0.05374453     -1.33767615      0.93589084     -0.18303036      5.64024434     -0.01184433      0.95709308     -1.37909947     -0.96475584     -0.18099840     -0.23178013     -0.22325411     -0.06033510
      0.00355694     -0.07553175     -0.02608371     -0.00305247      0.00511577      0.00506495      0.00341932      0.01243478     -0.01117304      0.00003676      0.02392100      0.00271090     -0.03184566      0.04389730     -0.01351211      0.40133676     -0.48341578      0.08995561      0.11816925     -1.48349171      0.03606509     -0.42552437     -0.49573957     -0.06942373      0.04195050      0.04582913      0.01545090     -0.00665695     -0.00433786     -0.00100977     -0.00178487     -0.45977591      0.00085957      0.53607475      0.21338822      0.09817478      0.50305765     -2.25101273      0.11677632     -0.01184433      5.15549447     -0.02986167     -0.52516016     -2.19062924     -0.10605977     -0.52008133      0.22885350     -0.09044424
      0.00623242      0.00157429     -0.02441097      0.00206716      0.00064997      0.00125205      0.00486679     -0.00027201      0.00129480     -0.00786725      0.00270746     -0.00101421     -0.06535150     -0.01187699      0.18597086      0.03544374     -0.08536391      0.10697891     -1.67128771      0.02837324     -1.31535559      0.03443631      0.08178919      0.10496617     -0.06924378      0.00837348      0.18775726      0.00103505     -0.00099979     -0.01049440      0.01449153     -0.00095401     -0.05209083     -0.05100393      0.05224966      0.04679570     -0.18434463      0.20834172     -0.52911239      0.95709308     -0.02986167      1.23294857     -0.18476480     -0.19336804     -0.52664407     -0.05330625     -0.04784267      0.04859761
     -0.04950056      0.11685319      0.02563368      0.00052534     -0.00700297     -0.01460486     -0.00415161     -0.01933969      0.00841988     -0.01902819     -0.02671207     -0.01765688     -0.02176146     -0.02083591      0.00863481     -0.01104447      0.10468695     -0.04455632     -0.29934300     -0.73171770     -0.06842582     -3.13940429      3.23258228     -0.43662196     -0.30631943      0.06039741     -0.09241719      0.02740689      0.01514533      0.00058619     -0.19858230      0.51668891     -0.04361611     -0.34433138     -0.19821938     -0.04670035      0.43568736     -0.15803967      0.07779152     -1.37909947     -0.52516016     -0.18476480      5.10728470     -0.23504390      0.84159823     -2.55498807     -0.17319986     -0.44839711
     -0.00140017      0.03335880     -0.00484878      0.04359031     -0.00323587      0.00978983     -0.00129637     -0.00058103     -0.00210311     -0.00523507     -0.01147012      0.00120010     -0.01762363      0.00637216     -0.00281008      0.08522481     -0.08590345      0.01936437      0.07741484      0.11980124      0.02458888      3.20831058     -7.58594121      0.64564245     -0.74734396      0.11708653     -0.15499110      0.01239494     -0.03942587     -0.00216130      0.22246145      0.19740195      0.06205814     -0.18346911     -0.10069159     -0.03423855      0.13172261     -0.44947982      0.02924697     -0.96475584     -2.19062924     -0.19336804     -0.23504390      5.67536430     -0.04875050      0.26427957     -0.94298658      0.04157930
     -0.00420414      0.03849337     -0.00727967     -0.01487730     -0.00328251      0.00510924     -0.02075268     -0.01570733     -0.00080240      0.03273600     -0.01198871      0.00501287      0.00199344     -0.00187087     -0.03073931     -0.04324076      0.02667784      0.18705756     -0.08135324     -0.15314077      0.07539194     -0.44368690      0.67074888     -1.02135260     -0.07791871      0.01509287      0.06423143     -0.00094651      0.00942741      0.04676017     -0.05109664      0.09797513      0.04683037     -0.05987435     -0.03830746     -0.05697742      0.07388257     -0.02723927      0.07774505     -0.18099840     -0.10605977     -0.52664407      0.84159823     -0.04875050      1.19800684     -0.43448844     -0.03334756     -0.57193027
     -0.01650050     -0.10429674      0.11571454     -0.15707590      0.00049311     -0.04367914      0.05684481      0.04986674      0.00240689      0.02005300      0.05232158      0.01554547     -0.03082396     -0.11040490     -0.03028782     -0.02166909      0.02314898      0.00261993      0.02409684     -0.06656184     -0.04302191     -0.29221843     -0.03272001     -0.07471313     -3.63027923     -3.73595468     -0.46365094     -0.16844827      0.22569747     -0.03115262     -1.26982450      0.48237046     -0.18466088      0.41029471      0.11956283      0.05575668     -0.32949399      0.19207158     -0.05924806     -0.23178013     -0.52008133     -0.05330625     -2.55498807      0.26427957     -0.43448844      5.33488884      0.35704443      0.87770488
      0.06084351      0.01472729     -0.18456652     -0.04863643      0.01432624     -0.00725652     -0.04278451      0.00113925     -0.00287323     -0.03151063     -0.01190590     -0.02253817     -0.10041515     -0.08183213     -0.00632459      0.02349783      0.00558713      0.00448353     -0.08270567     -0.11853745     -0.01520439      0.76975343      0.07246586      0.15722857     -3.75150267     -7.57848476     -0.62698409      0.04066588      0.02265622      0.01094629      0.89893581     -2.14769123      0.19080458     -0.15175786     -0.48180117     -0.02317428      0.19958467     -0.11358697      0.04029516     -0.22325411      0.22885350     -0.04784267     -0.17319986     -0.94298658     -0.03334756      0.35704443      5.69148819      0.03351186
     -0.04440408      0.06473955      0.05482539     -0.03190874     -0.01127528      0.02238652     -0.01744682      0.00143683      0.01801010      0.00713496      0.00380300      0.02419058     -0.03878354     -0.02383383      0.17551205      0.00244017      0.00395531     -0.02892718     -0.03415404     -0.01067288      0.18812394     -0.07809011     -0.00868827      0.06834357     -0.50005983     -0.69083486     -0.92171647     -0.04351791      0.05315947      0.01051634     -0.15784000      0.09942978     -0.52273079      0.06170841      0.02224986      0.07897686     -0.04275063      0.03849875     -0.05606969     -0.06033510     -0.09044424      0.04859761     -0.44839711      0.04157930     -0.57193027      0.87770488      0.03351186      1.19682778
