      0.02529991     -0.01216074      0.01955305     -0.01308462     -0.02021984     -0.01453431     -0.01782780      0.02317004     -0.00962666      0.00119500     -0.00037677      0.01662320     -0.01624064     -0.00163287     -0.04136639      0.00072864     -0.00399201      0.02273081     -0.01706875      0.01123171     -0.04268987
     -0.01216074      0.03341967     -0.02385870     -0.00190238      0.00498634     -0.00627763      0.00414363     -0.02665328      0.01343175     -0.00228381     -0.00068708     -0.02249267     -0.01217384     -0.00010496     -0.02016870      0.00561406     -0.01056290      0.03855404      0.01334035     -0.00854006      0.03142769
      0.01955305     -0.02385870      0.07695697     -0.01306493     -0.06865577     -0.05523094     -0.00863994      0.07513100     -0.03788120     -0.01599190     -0.00622976     -0.05790279     -0.00834042     -0.00460112     -0.03739207     -0.01602253      0.01452292     -0.04818095     -0.00255602      0.01033397     -0.02588864
     -0.01308462     -0.00190238     -0.01306493      4.80489677      0.20308993     -1.08099759     -0.80584489     -0.09452517      0.14317077     -6.56690347      3.07058881      2.49231921     -7.43910312     -3.48956767      0.95776143      0.11654466     -0.73993740     -0.11291903      0.14154713      0.75397180      0.10696351
     -0.02021984      0.00498634     -0.06865577      0.20308993      5.92598251      0.82252724     -0.00628874     -3.72213099     -0.23512386      3.13221281     -3.31671403     -1.54009538     -3.56814884     -3.40024936      0.38966013      0.03456510     -0.38631397     -0.13298016     -0.08190147     -0.38332975     -0.10072498
     -0.01453431     -0.00627763     -0.05523094     -1.08099759      0.82252724      1.34644185      0.15014311     -0.49384141     -0.35242173      2.39900400     -1.47629312     -1.92775812      1.02860625      0.36798850     -1.02657013      0.00657184      0.19915086      0.14233079     -0.01546217     -0.22380044      0.08696486
     -0.01782780      0.00414363     -0.00863994     -0.80584489     -0.00628874      0.15014311      4.78748190      0.03610788     -1.11565090      0.15281797      0.71195590      0.06050450      0.13444902     -0.74752666     -0.07354579     -6.62127952     -3.36999664      1.96329936     -7.30898042      3.28316419      1.52025556
      0.02317004     -0.02665328      0.07513100     -0.09452517     -3.72213099     -0.49384141      0.03610788      6.02839957      0.15724334     -0.07664435     -0.34664847      0.02564824      0.08292674     -0.38926317     -0.05510277     -3.40903748     -3.62263127      1.18505676      3.37197852     -3.26693343     -0.73996728
     -0.00962666      0.01343175     -0.03788120      0.14317077     -0.23512386     -0.35242173     -1.11565090      0.15724334      1.15395574     -0.01258047     -0.27909826      0.13324411      0.01433253      0.13335404      0.15642720      1.82762489      1.10077370     -1.41642936      1.63360155     -0.77318955     -1.18494762
      0.00119500     -0.00228381     -0.01599190     -6.56690347      3.13221281      2.39900400      0.15281797     -0.07664435     -0.01258047     23.18359162    -11.73058655     -8.86554055     -1.19228495      1.28182616      0.71986709      0.00229688      0.02527197     -0.21579672      0.17993071     -0.12512494      0.30636626
     -0.00037677     -0.00068708     -0.00622976      3.07058881     -3.31671403     -1.47629312      0.71195590     -0.34664847     -0.27909826    -11.73058655     12.19147021      5.73046056     -1.18189856      0.80856107      0.53928011      0.04121544      0.12572531      0.12427601     -0.13879174     -0.36975928     -0.21898450
      0.01662320     -0.02249267     -0.05790279      2.49231921     -1.54009538     -1.92775812      0.06050450      0.02564824      0.13324411     -8.86554055      5.73046056      6.43468919      0.10373284     -0.18528848      0.21455115     -0.22617142      0.02153371     -0.52518475      0.06276149     -0.01264224      0.87818881
     -0.01624064     -0.01217384     -0.00834042     -7.43910312     -3.56814884      1.02860625      0.13444902      0.08292674      0.01433253     -1.19228495     -1.18189856      0.10373284     26.43545623     13.37251298     -3.60793506      0.19760384      0.09901979      0.12953677      0.08752136     -0.00267830     -0.16234541
     -0.00163287     -0.00010496     -0.00460112     -3.48956767     -3.40024936      0.36798850     -0.74752666     -0.38926317      0.13335404      1.28182616      0.80856107     -0.18528848     13.37251298     12.76133768     -1.37687069      0.02931512     -0.37043042     -0.25689102      0.02467847      0.12521383      0.10839474
     -0.04136639     -0.02016870     -0.03739207      0.95776143      0.38966013     -1.02657013     -0.07354579     -0.05510277      0.15642720      0.71986709      0.53928011      0.21455115     -3.60793506     -1.37687069      3.10265418      0.33751687     -0.08359990      0.84619000     -0.12460325      0.02870589     -0.59302831
      0.00072864      0.00561406     -0.01602253      0.11654466      0.03456510      0.00657184     -6.62127952     -3.40903748      1.82762489      0.00229688      0.04121544     -0.22617142      0.19760384      0.02931512      0.33751687     23.55065984     12.85778208     -6.76848113     -1.21600668     -1.29922217      0.49161392
     -0.00399201     -0.01056290      0.01452292     -0.73993740     -0.38631397      0.19915086     -3.36999664     -3.62263127      1.10077370      0.02527197      0.12572531      0.02153371      0.09901979     -0.37043042     -0.08359990     12.85778208     13.46043254     -4.20547218      1.20333401      0.84214726     -0.44455932
      0.02273081      0.03855404     -0.04818095     -0.11291903     -0.13298016      0.14233079      1.96329936      1.18505676     -1.41642936     -0.21579672      0.12427601     -0.52518475      0.12953677     -0.25689102      0.84619000     -6.76848113     -4.20547218      4.59812007      0.29792675      0.24930820      0.05346938
     -0.01706875      0.01334035     -0.00255602      0.14154713     -0.08190147     -0.01546217     -7.30898042      3.37197852      1.63360155      0.17993071     -0.13879174      0.06276149      0.08752136      0.02467847     -0.12460325     -1.21600668      1.20333401      0.29792675     25.97633945    -12.71906391     -5.84932507
      0.01123171     -0.00854006      0.01033397      0.75397180     -0.38332975     -0.22380044      3.28316419     -3.26693343     -0.77318955     -0.12512494     -0.36975928     -0.01264224     -0.00267830      0.12521383      0.02870589     -1.29922217      0.84214726      0.24930820    -12.71906391     12.37981467      3.12972807
     -0.04268987      0.03142769     -0.02588864      0.10696351     -0.10072498      0.08696486      1.52025556     -0.73996728     -1.18494762      0.30636626     -0.21898450      0.87818881     -0.16234541      0.10839474     -0.59302831      0.49161392     -0.44455932      0.05346938     -5.84932507      3.12972807      3.82444700
