     15.19064907     -6.73250928     16.12198533     -0.00772707     -0.00596665      0.00556964     -0.00580942     -0.01151320     -0.00158831      0.00254163     -0.00817538     -0.00084690      0.00290070     -0.04478643      0.05334853     -0.01869701      0.04927257      0.02523232      0.01312544      0.01116378      0.00073049      0.00946767     -0.00452767      0.01004072      0.00914787     -0.00547333      0.00897864      0.00836653     -0.00203502      0.00311631      0.00235974      0.02804249     -0.00563149     -0.00739112      0.11243488      0.03022468      0.11597373     -0.07570264      0.12800248     -0.08869197     -0.03991149      0.03330211     -0.01991657      0.00530792      0.00292598     -0.00384525     -0.01473517     -0.00958301
     -6.73250928      3.44300076     -7.23421126     -0.00170698     -0.00758884      0.00192546     -0.00198962      0.00161370      0.00270321      0.00212236      0.00036212      0.00237636     -0.01495888     -0.02994645      0.07752243      0.02971832     -0.02097342     -0.09076920     -0.02335462     -0.02598505     -0.02223810      0.00088606      0.00145520     -0.00662765     -0.01210607     -0.00791796     -0.00262509     -0.00424879      0.00149408     -0.00240225      0.09768498     -0.03969049     -0.04212029     -0.07618068      0.00937507     -0.06960764     -0.00870591      0.04550257      0.00388599      0.04314095     -0.01497211      0.01068004     -0.04552931      0.03701393      0.02256152     -0.02169300     -0.04760605      0.00190530
     16.12198533     -7.23421126     26.38879103     -0.00874547     -0.00419786      0.01030724     -0.00415912     -0.01075409     -0.00369823      0.00889423     -0.02023315      0.00166688      0.00784494     -0.00873430      0.00929123      0.01209339     -0.01913126     -0.25985235      0.01865890      0.03082181      0.03123167      0.02108479     -0.01069003      0.01146863      0.01869759     -0.00032530      0.01406301      0.01273855     -0.00477396      0.00184465     -0.02570774      0.04863276      0.01421338      0.03234157      0.14992999      0.03671502      0.21091926     -0.09743697      0.24173963     -0.17710503     -0.04916895      0.04123607      0.04144629     -0.06597003     -0.02532986      0.04952639      0.01733517     -0.01886736
     -0.00772707     -0.00170698     -0.00874547     29.92937658      8.76171819     -1.10741398     -1.33817290     -0.50840950      0.23097560     -1.05549348     -0.33166037     -0.10763361      0.03486352     -0.04204719     -0.02171424     -0.00334265     -0.00402631     -0.00212282      0.00278909      0.00077369     -0.00373871      0.00373002     -0.00443340     -0.00281601      0.02678851      0.01535159     -0.00778123     -7.98867560     -2.36346887      0.33166027     -0.01238579      0.02752030      0.00281470      0.02306985      0.04846388      0.00291150      0.00581746     -0.00869351      0.00069003      0.00710003     -0.00157925     -0.00060886     -0.00453445      0.01179459      0.00313396      0.01641796     -0.00856037     -0.00468969
     -0.00596665     -0.00758884     -0.00419786      8.76171819      7.72098662     -0.29428886      1.23383537      0.40173353     -0.18294626      0.85752762      0.21583256      0.05329960      0.10612710     -0.00514005     -0.04147319     -0.00070740      0.00531768      0.00038699      0.01014789      0.00311193     -0.00366336      0.00407498     -0.04662331     -0.00201133      0.00310523     -0.00124413     -0.00655566     -2.24282130     -1.94125631      0.07634123     -0.86880853     -0.31037271      0.04772623     -0.05378845      0.05503223      0.02295345      0.00235153     -0.00572637      0.00415209      0.00616821      0.00320438     -0.00167170     -0.04722616     -0.00078187      0.01505029      0.03806078     -0.17510766     -0.02944702
      0.00556964      0.00192546      0.01030724     -1.10741398     -0.29428886      3.97397297     -2.14671165     -0.80692963      0.12755073      2.45023714      0.91789978     -0.02842940      0.02163518     -0.00690972      0.01792278     -0.00406922      0.00279755     -0.00321021      0.00145248      0.00505116      0.00020592     -0.00112048     -0.00010620     -0.01630722     -0.01564679     -0.00505995     -0.02417378      0.30553691      0.08112531     -1.16301795     -0.06831326     -0.01215845     -0.05786280     -0.01178955     -0.01221790      0.00253470     -0.00212474      0.00146779     -0.00800703      0.00410020     -0.00225689     -0.00073015     -0.00228449      0.00471436      0.01455899      0.00413429     -0.02215767      0.03626934
     -0.00580942     -0.00198962     -0.00415912     -1.33817290      1.23383537     -2.14671165     11.94814484     -6.49833708     11.36291700      0.63935665     -0.56983467      1.02792425      0.00035673      0.00213156     -0.03467266     -0.00494531      0.00291169     -0.00356738      0.00007054      0.00839742     -0.01177041      0.00222115      0.00385797      0.00148313     -0.01711097      0.00056274     -0.01837197     -3.20637628      1.64068364     -2.99464592      0.02596106      0.03432905      0.08209839      0.00476369      0.02449760      0.00777723     -0.01092174     -0.01157085      0.00960242      0.02683537     -0.01354469     -0.00445360     -0.00907956      0.04129347      0.00716263     -0.01057735     -0.06536647     -0.00437891
     -0.01151320      0.00161370     -0.01075409     -0.50840950      0.40173353     -0.80692963     -6.49833708      9.77565593     -9.17209647     -0.50955647      0.32942116     -0.68089022      0.02358057     -0.00823596      0.05166181     -0.00112749     -0.02613498     -0.01032101      0.00049194     -0.00121007      0.01587049     -0.00227142     -0.00096343      0.00505635     -0.03998901      0.00711790      0.06745996      1.69137524     -2.46576776      2.49472963      0.46309543     -0.50401519      0.61425898     -0.04378744     -0.05030025      0.00834147     -0.00123260     -0.01672517     -0.04440810      0.00760341     -0.00599884      0.00653674     -0.00333715     -0.00283439     -0.03317612      0.02790065      0.03178434     -0.02829079
     -0.00158831      0.00270321     -0.00369823      0.23097560     -0.18294626      0.12755073     11.36291700     -9.17209647     19.95610660     -1.43998479      1.11236161     -1.91301581      0.01101708     -0.00058029      0.02194012     -0.00025064     -0.00427858      0.00351708      0.00258639      0.00593030      0.00093429      0.00332858      0.00382004      0.00014609      0.01493062      0.02566929     -0.01935654     -2.99491457      2.43573700     -5.28844867      0.10020713     -0.04849634      0.11630666      0.00682724     -0.03398147     -0.01251983     -0.00041933      0.00465127     -0.01494225      0.00029759     -0.00545163     -0.00094833      0.00604595      0.00517040      0.00082063     -0.00328872     -0.00715656      0.02591303
      0.00254163      0.00212236      0.00889423     -1.05549348      0.85752762      2.45023714      0.63935665     -0.50955647     -1.43998479      8.47001649     -3.19799383     -9.98248759      0.04689473     -0.00993510      0.01300474      0.00130840      0.00484226      0.00535370      0.00629431      0.00459933      0.01473445     -0.00053592      0.00374324      0.00101591     -0.00639132     -0.00129300      0.03689098     -2.33140108      0.78262169      2.59615240     -0.02640497      0.06302814     -0.05523969      0.00764826      0.02428279      0.00568059     -0.01112832     -0.00375717     -0.00632417      0.01822162     -0.01189206     -0.00616039     -0.00853573      0.03216232     -0.00471040     -0.00161525     -0.05405635     -0.00592849
     -0.00817538      0.00036212     -0.02023315     -0.33166037      0.21583256      0.91789978     -0.56983467      0.32942116      1.11236161     -3.19799383      6.91153493      7.13273770     -0.01716577      0.00296861     -0.04594976      0.00409638     -0.03520207      0.00389359     -0.00687634      0.00190318     -0.01252464     -0.00388414      0.00187617     -0.00334452     -0.07052458      0.02281225     -0.03289381      0.79651571     -1.69329337     -1.90148073      0.38124807     -0.35712863     -0.77036832     -0.04816616     -0.09496202     -0.00300625      0.02813144     -0.02381928      0.02916495      0.00298283     -0.00467333     -0.00623898      0.00782119     -0.00283758      0.02246394      0.04217702      0.03729699      0.01447121
     -0.00084690      0.00237636      0.00166688     -0.10763361      0.05329960     -0.02842940      1.02792425     -0.68089022     -1.91301581     -9.98248759      7.13273770     25.38716508     -0.01643495      0.00142051      0.00235890     -0.00075161     -0.00245995     -0.00017987     -0.00531339      0.00064907     -0.00636763     -0.00103268     -0.00419528     -0.00277177     -0.04150854     -0.02535940     -0.03042039      2.63949527     -1.90609041     -6.74435856     -0.00496412      0.00213079     -0.00428195     -0.01421902     -0.00240873     -0.00615359      0.00311117      0.00885102     -0.00175900     -0.01191364      0.00014788      0.00228014      0.00073984     -0.01687361      0.00626418      0.01895000      0.02413100      0.02949981
      0.00290070     -0.01495888      0.00784494      0.03486352      0.10612710      0.02163518      0.00035673      0.02358057      0.01101708      0.04689473     -0.01716577     -0.01643495     27.63750839     12.32081888     -5.32126917      0.02380172     -0.00800125     -0.10138180      0.01196335      0.02185638      0.01167725     -0.01046445     -0.00426517     -0.02606200     -0.09154734     -0.06468912      0.00107394      0.01615622     -0.03943952     -0.04011087     -0.50040894     -0.36381868      0.12152507     -7.46148243     -3.31672859      1.39073157      0.06465984      0.04320397     -0.00245606      0.06201375      0.00594274      0.03614179      0.00191589      0.02534650     -0.00537246     -0.06260378      0.09883028      0.06668945
     -0.04478643     -0.02994645     -0.00873430     -0.04204719     -0.00514005     -0.00690972      0.00213156     -0.00823596     -0.00058029     -0.00993510      0.00296861      0.00142051     12.32081888     11.72222703     -2.28198001      0.03388574      0.10777274      0.03293003     -0.13241165     -0.04797177      0.02747610     -0.00208357      0.01164988      0.01081898      0.08317678      0.04809385      0.00233900      0.04125983      0.04209873      0.00749810      0.39541523      0.24647005     -0.09611876     -3.30149056     -3.19114508      0.64112767     -0.76663350     -0.30042227      0.16702355      0.03687317     -0.14873367     -0.03830868      0.01684053     -0.01591208     -0.00389515      0.09101602     -0.03223945     -0.03751913
      0.05334853      0.07752243      0.00929123     -0.02171424     -0.04147319      0.01792278     -0.03467266      0.05166181      0.02194012      0.01300474     -0.04594976      0.00235890     -5.32126917     -2.28198001      3.22252132     -0.12356025      0.06064154     -0.32984331     -0.00220073     -0.01179843      0.05225537     -0.01953932      0.00697694     -0.10281154      0.03601414      0.02921659     -0.00316799     -0.01653118      0.02818337     -0.10367757      0.15697647      0.11017438      0.08039852      1.39443748      0.59230170     -1.19610056     -0.06168525     -0.01417824      0.06691173      0.01731160     -0.03554195      0.18534860      0.00226824     -0.01910530     -0.03342061      0.07574258     -0.03517345      0.16401371
     -0.01869701      0.02971832      0.01209339     -0.00334265     -0.00070740     -0.00406922     -0.00494531     -0.00112749     -0.00025064      0.00130840      0.00409638     -0.00075161      0.02380172      0.03388574     -0.12356025     24.05413668    -12.19855280     -7.78055964      0.07255578      0.00380336     -0.13202876     -0.08723904      0.09130613      0.01555421     -0.01225424      0.01644191     -0.03441925      0.00179571     -0.00565056      0.00116922      0.06142866     -0.03251339      0.04252800      0.11640824     -0.06148657     -0.02538971     -6.46296554      3.25277182      2.04953179     -0.48412318      0.43600333      0.21192199     -0.08326056     -0.11571780      0.06574115      0.00168691     -0.02085412     -0.01121123
      0.04927257     -0.02097342     -0.01913126     -0.00402631      0.00531768      0.00279755      0.00291169     -0.02613498     -0.00427858      0.00484226     -0.03520207     -0.00245995     -0.00800125      0.10777274      0.06064154    -12.19855280     12.98700689      4.84329208      0.05810967      0.06797156      0.04084685     -0.06771787      0.04332948      0.00140398      0.01916820      0.00066569      0.01344542      0.03373696     -0.00587034     -0.00748782     -0.05148532     -0.14005413     -0.02107066      0.71670210     -0.30838574     -0.24780437      3.27841991     -3.60375332     -1.28392136     -0.35617403      0.30712305      0.12916576     -0.09512673     -0.00878061     -0.00623249     -0.02451518     -0.02673259      0.00786396
      0.02523232     -0.09076920     -0.25985235     -0.00212282      0.00038699     -0.00321021     -0.00356738     -0.01032101      0.00351708      0.00535370      0.00389359     -0.00017987     -0.10138180      0.03293003     -0.32984331     -7.78055964      4.84329208      5.01528665     -0.10224995      0.03689971     -0.32763097      0.01924830     -0.02955825      0.01819251     -0.01969753      0.00680038     -0.10621555      0.00419423      0.00295510      0.00616609      0.02542320     -0.01508285      0.18362624      0.02882719     -0.00827859      0.03898233      2.10522200     -1.27430743     -1.62930045      0.07215600     -0.09814421      0.04474494      0.05777278      0.00471984      0.17796560     -0.00403012      0.01364611     -0.02881716
      0.01312544     -0.02335462      0.01865890      0.00278909      0.01014789      0.00145248      0.00007054      0.00049194      0.00258639      0.00629431     -0.00687634     -0.00531339      0.01196335     -0.13241165     -0.00220073      0.07255578      0.05810967     -0.10224995      5.12981776      1.50892628     -0.52094732      0.08011178     -0.03920431     -0.10321627      0.00871898      0.13057280      0.00724760      0.00323557      0.00180401     -0.00756189     -0.03426809     -0.00106867      0.00156862     -0.11209090     -0.05182472      0.07222268      0.06061050     -0.76597066     -0.06258313     -1.46245520     -0.38891771      0.10284106      0.14267688      0.72341291      0.05301713     -0.10525765      0.05508180      0.06469252
      0.01116378     -0.02598505      0.03082181      0.00077369      0.00311193      0.00505116      0.00839742     -0.00121007      0.00593030      0.00459933      0.00190318      0.00064907      0.02185638     -0.04797177     -0.01179843      0.00380336      0.06797156      0.03689971      1.50892628     34.48281521      2.33877972     -0.00150042      0.06563448      0.04499562     -0.01918245     -0.06731949      0.00462468     -0.00057587      0.00057025      0.00334247      0.00750892      0.01433224      0.00240161     -0.08197082      0.03368269      0.00438597      0.05233797     -0.27715786     -0.04471799     -0.37741060     -9.34512810     -0.58368721     -0.08336477     -0.33203590     -0.01661145      0.07995541      0.01567017     -0.03153475
      0.00073049     -0.02223810      0.03123167     -0.00373871     -0.00366336      0.00020592     -0.01177041      0.01587049      0.00093429      0.01473445     -0.01252464     -0.00636763      0.01167725      0.02747610      0.05225537     -0.13202876      0.04084685     -0.32763097     -0.52094732      2.33877972      2.54525995     -0.10331923      0.04608925     -0.35020510     -0.00340852     -0.03028071      0.00850821     -0.00660193      0.00323397     -0.02695343      0.00577778     -0.00388398     -0.02938714      0.07339778      0.00391580      0.17281078     -0.00131553      0.15179490      0.07640604      0.12760982     -0.62658340     -0.97711935     -0.02766287     -0.17954921      0.07760586      0.06053736     -0.03164764      0.17580281
      0.00946767      0.00088606      0.02108479      0.00373002      0.00407498     -0.00112048      0.00222115     -0.00227142      0.00332858     -0.00053592     -0.00388414     -0.00103268     -0.01046445     -0.00208357     -0.01953932     -0.08723904     -0.06771787      0.01924830      0.08011178     -0.00150042     -0.10331923     28.63474137     12.56297437     -4.36369330      0.04634603     -0.00049845     -0.08695586      0.00265331      0.00396003      0.00021525      0.05684221      0.01528532      0.03314643      0.00826912      0.02358173     -0.00438244     -0.05874793      0.10112539      0.06360198     -0.47849357     -0.36576113      0.08796663     -7.78548988     -3.34098177      1.08372632      0.08115733      0.04170938      0.00688692
     -0.00452767      0.00145520     -0.01069003     -0.00443340     -0.04662331     -0.00010620      0.00385797     -0.00096343      0.00382004      0.00374324      0.00187617     -0.00419528     -0.00426517      0.01164988      0.00697694      0.09130613      0.04332948     -0.02955825     -0.03920431      0.06563448      0.04608925     12.56297437     11.76181491     -1.76419378      0.01651599      0.11265425      0.02882422     -0.03888907     -0.00239987      0.00583605      0.02422787     -0.13957909     -0.03069328      0.02281038     -0.02271898     -0.00294757      0.08950552     -0.03464311     -0.04055213      0.45105321      0.31187053     -0.07377056     -3.34831241     -3.20312142      0.49707416     -0.76750931     -0.29086070      0.12766452
      0.01004072     -0.00662765      0.01146863     -0.00281601     -0.00201133     -0.01630722      0.00148313      0.00505635      0.00014609      0.00101591     -0.00334452     -0.00277177     -0.02606200      0.01081898     -0.10281154      0.01555421      0.00140398      0.01819251     -0.10321627      0.04499562     -0.35020510     -4.36369330     -1.76419378      2.96224920     -0.08436207      0.03848371     -0.38327198     -0.00371992     -0.00060668      0.00091665      0.04516174     -0.03194272      0.20101785     -0.00942969      0.00635397     -0.02676721      0.05919418     -0.03409079      0.18043085      0.16495636      0.07394672      0.07359402      1.09174495      0.51484931     -1.11173414     -0.06167195     -0.05112861      0.11324879
      0.00914787     -0.01210607      0.01869759      0.02678851      0.00310523     -0.01564679     -0.01711097     -0.03998901      0.01493062     -0.00639132     -0.07052458     -0.04150854     -0.09154734      0.08317678      0.03601414     -0.01225424      0.01916820     -0.01969753      0.00871898     -0.01918245     -0.00340852      0.04634603      0.01651599     -0.08436207     25.52272251    -12.59099095     -5.53303835      0.03130132      0.03594046     -0.01191036     -0.49821611      0.43055780      0.15528088     -0.08573082     -0.10336689      0.04525552      0.00085821     -0.02407960     -0.00715455      0.05572207     -0.02488393      0.02547561      0.11679286     -0.06904948     -0.00686655     -6.92381937      3.39350728      1.38733336
     -0.00547333     -0.00791796     -0.00032530      0.01535159     -0.00124413     -0.00505995      0.00056274      0.00711790      0.02566929     -0.00129300      0.02281225     -0.02535940     -0.06468912      0.04809385      0.02921659      0.01644191      0.00066569      0.00680038      0.13057280     -0.06731949     -0.03028071     -0.00049845      0.11265425      0.03848371    -12.59099095     12.97714274      3.30228392     -0.00430135      0.02568910      0.01096370     -0.35285152      0.27431875      0.08072604     -0.09335000     -0.01844393      0.00517858     -0.01836707     -0.01815112      0.00329634     -0.04729112     -0.14919593     -0.01423755      0.74551036     -0.35263959     -0.18328870      3.35011459     -3.54058312     -0.84923879
      0.00897864     -0.00262509      0.01406301     -0.00778123     -0.00655566     -0.02417378     -0.01837197      0.06745996     -0.01935654      0.03689098     -0.03289381     -0.03042039      0.00107394      0.00233900     -0.00316799     -0.03441925      0.01344542     -0.10621555      0.00724760      0.00462468      0.00850821     -0.08695586      0.02882422     -0.38327198     -5.53303835      3.30228392      3.61489499     -0.03230262      0.00550676     -0.06373164      0.10733019     -0.06933352      0.08674703      0.04306126     -0.00301264      0.18260668     -0.00810221     -0.00435943     -0.02989561      0.04454724     -0.02548116      0.19547182      0.05432085     -0.00855260      0.08852782      1.37635452     -0.86793334     -1.28888259
      0.00836653     -0.00424879      0.01273855     -7.98867560     -2.24282130      0.30553691     -3.20637628      1.69137524     -2.99491457     -2.33140108      0.79651571      2.63949527      0.01615622      0.04125983     -0.01653118      0.00179571      0.03373696      0.00419423      0.00323557     -0.00057587     -0.00660193      0.00265331     -0.03888907     -0.00371992      0.03130132     -0.00430135     -0.03230262      4.57770135      0.04229290     -0.02692078     -0.66145468     -0.09130802      0.01743006      0.01968983      0.21049604      0.01683022     -0.02451681      0.00586425      0.01851411     -0.00713206      0.01037241     -0.00097307     -0.03741725     -0.02535761      0.01884850      0.02028370     -0.23276333     -0.01263263
     -0.00203502      0.00149408     -0.00477396     -2.36346887     -1.94125631      0.08112531      1.64068364     -2.46576776      2.43573700      0.78262169     -1.69329337     -1.90609041     -0.03943952      0.04209873      0.02818337     -0.00565056     -0.00587034      0.00295510      0.00180401      0.00057025      0.00323397      0.00396003     -0.00239987     -0.00060668      0.03594046      0.02568910      0.00550676      0.04229290      3.69642411     -0.05375743     -0.03017127     -1.62952569     -0.09417623      0.02581311     -0.17593140     -0.02371281      0.00277436      0.00940439     -0.00898722      0.01235228     -0.01510151     -0.00250055     -0.01510303      0.03580139      0.00011890     -0.05755946     -0.19026419     -0.00850247
      0.00311631     -0.00240225      0.00184465      0.33166027      0.07634123     -1.16301795     -2.99464592      2.49472963     -5.28844867      2.59615240     -1.90148073     -6.74435856     -0.04011087      0.00749810     -0.10367757      0.00116922     -0.00748782      0.00616609     -0.00756189      0.00334247     -0.02695343      0.00021525      0.00583605      0.00091665     -0.01191036      0.01096370     -0.06373164     -0.02692078     -0.05375743      4.26622557      0.01964631     -0.10697103     -0.54384090      0.00621974     -0.06638279      0.03836347      0.02211948     -0.01000210      0.05690334     -0.00169954      0.00204551     -0.00930683      0.01400598     -0.00016299      0.03951809      0.00096149      0.03135829      0.02879786
      0.00235974      0.09768498     -0.02570774     -0.01238579     -0.86880853     -0.06831326      0.02596106      0.46309543      0.10020713     -0.02640497      0.38124807     -0.00496412     -0.50040894      0.39541523      0.15697647      0.06142866     -0.05148532      0.02542320     -0.03426809      0.00750892      0.00577778      0.05684221      0.02422787      0.04516174     -0.49821611     -0.35285152      0.10733019     -0.66145468     -0.03017127      0.01964631      5.02081988      0.03426779     -0.80242442     -1.94885276      0.45182581      0.41934898      0.23139903      0.48760464     -0.01447179     -0.45405456      0.00664016      0.08666831      0.20291108     -0.53771945     -0.08124229     -2.12257057     -0.43013687      0.27522159
      0.02804249     -0.03969049      0.04863276      0.02752030     -0.31037271     -0.01215845      0.03432905     -0.50401519     -0.04849634      0.06302814     -0.35712863      0.00213079     -0.36381868      0.24647005      0.11017438     -0.03251339     -0.14005413     -0.01508285     -0.00106867      0.01433224     -0.00388398      0.01528532     -0.13957909     -0.03194272      0.43055780      0.27431875     -0.06933352     -0.09130802     -1.62952569     -0.10697103      0.03426779      4.93158742      0.34545705      0.89316624     -1.36169268     -0.28966352      0.20350156     -0.23089683     -0.08264616      0.01502108      0.03462537      0.00437965     -0.24384763     -0.20146102      0.03082741     -0.86455935     -1.26213669      0.11426209
     -0.00563149     -0.04212029      0.01421338      0.00281470      0.04772623     -0.05786280      0.08209839      0.61425898      0.11630666     -0.05523969     -0.77036832     -0.00428195      0.12152507     -0.09611876      0.08039852      0.04252800     -0.02107066      0.18362624      0.00156862      0.00240161     -0.02938714      0.03314643     -0.03069328      0.20101785      0.15528088      0.08072604      0.08674703      0.01743006     -0.09417623     -0.54384090     -0.80242442      0.34545705      1.54561367      0.42398851     -0.18125736     -0.64034776     -0.02521504     -0.13041356      0.04608236      0.09259837      0.00723346     -0.07152109     -0.05655486      0.10025345      0.07099743      0.24281946      0.01692429     -0.57361543
     -0.00739112     -0.07618068      0.03234157      0.02306985     -0.05378845     -0.01178955      0.00476369     -0.04378744      0.00682724      0.00764826     -0.04816616     -0.01421902     -7.46148243     -3.30149056      1.39443748      0.11640824      0.71670210      0.02882719     -0.11209090     -0.08197082      0.07339778      0.00826912      0.02281038     -0.00942969     -0.08573082     -0.09335000      0.04306126      0.01968983      0.02581311      0.00621974     -1.94885276      0.89316624      0.42398851      5.36711485      0.39298748     -1.06078529     -0.89908169     -0.28424106      0.11067612      0.15561305     -0.24001231     -0.03815841     -0.09182922      0.15586155      0.02192868     -0.41682017     -0.10022859      0.09584055
      0.11243488      0.00937507      0.14992999      0.04846388      0.05503223     -0.01221790      0.02449760     -0.05030025     -0.03398147      0.02428279     -0.09496202     -0.00240873     -3.31672859     -3.19114508      0.59230170     -0.06148657     -0.30838574     -0.00827859     -0.05182472      0.03368269      0.00391580      0.02358173     -0.02271898      0.00635397     -0.10336689     -0.01844393     -0.00301264      0.21049604     -0.17593140     -0.06638279      0.45182581     -1.36169268     -0.18125736      0.39298748      5.26540541      0.29605449      0.09074481     -2.56341687     -0.23948136     -0.52598215     -0.21559354      0.09003048      0.19519618     -0.34281536     -0.06650341      0.15928611      0.42174455     -0.00652284
      0.03022468     -0.06960764      0.03671502      0.00291150      0.02295345      0.00253470      0.00777723      0.00834147     -0.01251983      0.00568059     -0.00300625     -0.00615359      1.39073157      0.64112767     -1.19610056     -0.02538971     -0.24780437      0.03898233      0.07222268      0.00438597      0.17281078     -0.00438244     -0.00294757     -0.02676721      0.04525552      0.00517858      0.18260668      0.01683022     -0.02371281      0.03836347      0.41934898     -0.28966352     -0.64034776     -1.06078529      0.29605449      1.29424395      0.13338358     -0.12210141     -0.50145543     -0.06567129      0.03956577      0.08333956      0.01934681     -0.06243863     -0.05868214      0.11586995      0.04149146      0.03899014
      0.11597373     -0.00870591      0.21091926      0.00581746      0.00235153     -0.00212474     -0.01092174     -0.00123260     -0.00041933     -0.01112832      0.02813144      0.00311117      0.06465984     -0.76663350     -0.06168525     -6.46296554      3.27841991      2.10522200      0.06061050      0.05233797     -0.00131553     -0.05874793      0.08950552      0.05919418      0.00085821     -0.01836707     -0.00810221     -0.02451681      0.00277436      0.02211948      0.23139903      0.20350156     -0.02521504     -0.89908169      0.09074481      0.13338358      5.28350650     -0.12611967     -1.20683259     -2.17075840     -0.93847787      0.35501886     -0.43198323      0.18544145      0.12635861     -0.12826157     -0.19763193      0.00105167
     -0.07570264      0.04550257     -0.09743697     -0.00869351     -0.00572637      0.00146779     -0.01157085     -0.01672517      0.00465127     -0.00375717     -0.02381928      0.00885102      0.04320397     -0.30042227     -0.01417824      3.25277182     -3.60375332     -1.27430743     -0.76597066     -0.27715786      0.15179490      0.10112539     -0.03464311     -0.03409079     -0.02407960     -0.01815112     -0.00435943      0.00586425      0.00940439     -0.01000210      0.48760464     -0.23089683     -0.13041356     -0.28424106     -2.56341687     -0.12210141     -0.12611967      5.24322914      0.46924417     -0.54525888     -1.33151654      0.06459570     -0.10288020      0.41226054      0.05595605     -0.19146126     -0.31136902      0.01687787
      0.12800248      0.00388599      0.24173963      0.00069003      0.00415209     -0.00800703      0.00960242     -0.04440810     -0.01494225     -0.00632417      0.02916495     -0.00175900     -0.00245606      0.16702355      0.06691173      2.04953179     -1.28392136     -1.62930045     -0.06258313     -0.04471799      0.07640604      0.06360198     -0.04055213      0.18043085     -0.00715455      0.00329634     -0.02989561      0.01851411     -0.00898722      0.05690334     -0.01447179     -0.08264616      0.04608236      0.11067612     -0.23948136     -0.50145543     -1.20683259      0.46924417      1.37872264      0.43876848      0.15464499     -0.56799732      0.10142512      0.01574383      0.04654450     -0.00994582      0.02640074     -0.04475010
     -0.08869197      0.04314095     -0.17710503      0.00710003      0.00616821      0.00410020      0.02683537      0.00760341      0.00029759      0.01822162      0.00298283     -0.01191364      0.06201375      0.03687317      0.01731160     -0.48412318     -0.35617403      0.07215600     -1.46245520     -0.37741060      0.12760982     -0.47849357      0.45105321      0.16495636      0.05572207     -0.04729112      0.04454724     -0.00713206      0.01235228     -0.00169954     -0.45405456      0.01502108      0.09259837      0.15561305     -0.52598215     -0.06567129     -2.17075840     -0.54525888      0.43876848      4.96861616      0.10543704     -0.91407329     -2.08669329      0.52728389      0.35896667      0.25452208      0.49606756     -0.00153799
     -0.03991149     -0.01497211     -0.04916895     -0.00157925      0.00320438     -0.00225689     -0.01354469     -0.00599884     -0.00545163     -0.01189206     -0.00467333      0.00014788      0.00594274     -0.14873367     -0.03554195      0.43600333      0.30712305     -0.09814421     -0.38891771     -9.34512810     -0.62658340     -0.36576113      0.31187053      0.07394672     -0.02488393     -0.14919593     -0.02548116      0.01037241     -0.01510151      0.00204551      0.00664016      0.03462537      0.00723346     -0.24001231     -0.21559354      0.03956577     -0.93847787     -1.33151654      0.15464499      0.10543704      5.81518307      0.33947152      0.96604263     -1.43119044     -0.27629233      0.20584472     -0.25162176     -0.06467426
      0.03330211      0.01068004      0.04123607     -0.00060886     -0.00167170     -0.00073015     -0.00445360      0.00653674     -0.00094833     -0.00616039     -0.00623898      0.00228014      0.03614179     -0.03830868      0.18534860      0.21192199      0.12916576      0.04474494      0.10284106     -0.58368721     -0.97711935      0.08796663     -0.07377056      0.07359402      0.02547561     -0.01423755      0.19547182     -0.00097307     -0.00250055     -0.00930683      0.08666831      0.00437965     -0.07152109     -0.03815841      0.09003048      0.08333956      0.35501886      0.06459570     -0.56799732     -0.91407329      0.33947152      1.25644229      0.41502648     -0.19828606     -0.59056757     -0.02315267     -0.12785024      0.05540380
     -0.01991657     -0.04552931      0.04144629     -0.00453445     -0.04722616     -0.00228449     -0.00907956     -0.00333715      0.00604595     -0.00853573      0.00782119      0.00073984      0.00191589      0.01684053      0.00226824     -0.08326056     -0.09512673      0.05777278      0.14267688     -0.08336477     -0.02766287     -7.78548988     -3.34831241      1.09174495      0.11679286      0.74551036      0.05432085     -0.03741725     -0.01510303      0.01400598      0.20291108     -0.24384763     -0.05655486     -0.09182922      0.19519618      0.01934681     -0.43198323     -0.10288020      0.10142512     -2.08669329      0.96604263      0.41502648      5.60374577      0.33506679     -0.91774594     -0.94346535     -0.31304443      0.07269180
      0.00530792      0.03701393     -0.06597003      0.01179459     -0.00078187      0.00471436      0.04129347     -0.00283439      0.00517040      0.03216232     -0.00283758     -0.01687361      0.02534650     -0.01591208     -0.01910530     -0.11571780     -0.00878061      0.00471984      0.72341291     -0.33203590     -0.17954921     -3.34098177     -3.20312142      0.51484931     -0.06904948     -0.35263959     -0.00855260     -0.02535761      0.03580139     -0.00016299     -0.53771945     -0.20146102      0.10025345      0.15586155     -0.34281536     -0.06243863      0.18544145      0.41226054      0.01574383      0.52728389     -1.43119044     -0.19828606      0.33506679      5.35959430      0.26322224      0.13123428     -2.68448111     -0.19787133
      0.00292598      0.02256152     -0.02532986      0.00313396      0.01505029      0.01455899      0.00716263     -0.03317612      0.00082063     -0.00471040      0.02246394      0.00626418     -0.00537246     -0.00389515     -0.03342061      0.06574115     -0.00623249      0.17796560      0.05301713     -0.01661145      0.07760586      1.08372632      0.49707416     -1.11173414     -0.00686655     -0.18328870      0.08852782      0.01884850      0.00011890      0.03951809     -0.08124229      0.03082741      0.07099743      0.02192868     -0.06650341     -0.05868214      0.12635861      0.05595605      0.04654450      0.35896667     -0.27629233     -0.59056757     -0.91774594      0.26322224      1.23576130      0.11160474     -0.09360993     -0.50746388
     -0.00384525     -0.02169300      0.04952639      0.01641796      0.03806078      0.00413429     -0.01057735      0.02790065     -0.00328872     -0.00161525      0.04217702      0.01895000     -0.06260378      0.09101602      0.07574258      0.00168691     -0.02451518     -0.00403012     -0.10525765      0.07995541      0.06053736      0.08115733     -0.76750931     -0.06167195     -6.92381937      3.35011459      1.37635452      0.02028370     -0.05755946      0.00096149     -2.12257057     -0.86455935      0.24281946     -0.41682017      0.15928611      0.11586995     -0.12826157     -0.19146126     -0.00994582      0.25452208      0.20584472     -0.02315267     -0.94346535      0.13123428      0.11160474      5.36932392     -0.20098878     -0.87385228
     -0.01473517     -0.04760605      0.01733517     -0.00856037     -0.17510766     -0.02215767     -0.06536647      0.03178434     -0.00715656     -0.05405635      0.03729699      0.02413100      0.09883028     -0.03223945     -0.03517345     -0.02085412     -0.02673259      0.01364611      0.05508180      0.01567017     -0.03164764      0.04170938     -0.29086070     -0.05112861      3.39350728     -3.54058312     -0.86793334     -0.23276333     -0.19026419      0.03135829     -0.43013687     -1.26213669      0.01692429     -0.10022859      0.42174455      0.04149146     -0.19763193     -0.31136902      0.02640074      0.49606756     -0.25162176     -0.12785024     -0.31304443     -2.68448111     -0.09360993     -0.20098878      5.42876088      0.38714244
     -0.00958301      0.00190530     -0.01886736     -0.00468969     -0.02944702      0.03626934     -0.00437891     -0.02829079      0.02591303     -0.00592849      0.01447121      0.02949981      0.06668945     -0.03751913      0.16401371     -0.01121123      0.00786396     -0.02881716      0.06469252     -0.03153475      0.17580281      0.00688692      0.12766452      0.11324879      1.38733336     -0.84923879     -1.28888259     -0.01263263     -0.00850247      0.02879786      0.27522159      0.11426209     -0.57361543      0.09584055     -0.00652284      0.03899014      0.00105167      0.01687787     -0.04475010     -0.00153799     -0.06467426      0.05540380      0.07269180     -0.19787133     -0.50746388     -0.87385228      0.38714244      1.23402965
