      8.75555925     -0.10540832    -16.92127754     -0.05293715     -0.00710718      0.00843988      0.00461747      0.02136859      0.05394161     -0.03013120     -0.00309076     -0.00323769     -0.02075504      0.01620614     -0.03462451      0.01431378      0.11242566     -0.14559488      0.09382983     -0.13032397     -0.01390767
     -0.10540832      4.04192747      0.54601119     -0.01889023     -0.01396770      0.00866305      0.02207815     -0.08560797     -0.11013750     -0.02502079     -0.00565006      0.03362899      0.00377878      0.02515405      0.06331853     -0.01049799      0.00332749      0.03403033      0.01123508     -0.04353710     -0.04235917
    -16.92127754      0.54601119     35.06601701     -0.02562086      0.01616495      0.05845522      0.02839005     -0.05975739     -0.06033623     -0.04757475      0.01128266      0.04806352      0.02133124     -0.00813561     -0.15160329     -0.03932174     -0.12810008      0.09570569     -0.13169451      0.13776275      0.02104171
     -0.05293715     -0.01889023     -0.02562086     27.14832951     -2.88006727     12.57301937     -0.96093800      0.41446816     -0.68485038     -0.03016328      0.13223443      0.33361149      0.33807530      0.00195632     -0.37686900     -7.54903378      0.72163804     -3.30948168     -0.10968744     -0.03056138     -0.12818050
     -0.00710718     -0.01396770      0.01616495     -2.88006727      5.04616536     -2.07849666     -1.90783836      0.48505239     -0.94144623      0.07226910      0.07611270     -0.18777204     -0.00563172     -0.31656702      0.36886623      0.62448925     -1.50556512      0.39934313      0.73769794     -0.02831167      0.40573739
      0.00843988      0.00866305      0.05845522     12.57301937     -2.07849666      8.67584376     -0.18386275      0.17573435      0.16648578      0.33695000     -0.18492800     -0.58536102     -0.46634840      0.37336902      0.88617801     -3.27456259      0.47375544     -2.64957135     -0.29497007      0.02237593     -0.00755902
      0.00461747      0.02207815      0.02839005     -0.96093800     -1.90783836     -0.18386275     14.12945202     14.27544990      2.58703982      0.26106488      0.08099887     -0.51155275     -0.06873190      0.07520344      0.35486148     -4.09334527     -3.86393986     -0.62451942      0.25779358      0.27762324     -0.01215095
      0.02136859     -0.08560797     -0.05975739      0.41446816      0.48505239      0.17573435     14.27544990     24.58105702      1.82268085      0.12319715     -0.18356528      0.37252826      0.08498826      0.10721250     -0.17872601     -3.77076834     -6.63682808     -0.53433230     -0.48373749     -0.51787506     -0.07565477
      0.05394161     -0.11013750     -0.06033623     -0.68485038     -0.94144623      0.16648578      2.58703982      1.82268085      2.89991153     -0.46302741      0.42961241      0.84747011      0.38168620     -0.20216720     -0.57163782     -0.67477583     -0.57990607     -1.11064622      0.16196730      0.30707997      0.15096754
     -0.03013120     -0.02502079     -0.04757475     -0.03016328      0.07226910      0.33695000      0.26106488      0.12319715     -0.46302741     14.51881921     14.20755098      2.13354224     -0.99637356     -1.81519448     -0.07813809      0.24689273      0.26606581     -0.01989710     -4.19922412     -3.90014252     -0.52861986
     -0.00309076     -0.00565006      0.01128266      0.13223443      0.07611270     -0.18492800      0.08099887     -0.18356528      0.42961241     14.20755098     23.85831715      1.06079462      0.37467395      0.44527305      0.13664456     -0.49053226     -0.57992349     -0.04679384     -3.81925051     -6.37551482     -0.35878814
     -0.00323769      0.03362899      0.04806352      0.33361149     -0.18777204     -0.58536102     -0.51155275      0.37252826      0.84747011      2.13354224      1.06079462      2.96800203     -0.76293429     -1.00939749      0.17848102      0.18130426      0.31972578      0.14693469     -0.52353095     -0.39110611     -1.12531598
     -0.02075504      0.00377878      0.02133124      0.33807530     -0.00563172     -0.46634840     -0.06873190      0.08498826      0.38168620     -0.99637356      0.37467395     -0.76293429     26.24279934     -2.62492849     13.20507554     -0.11277160     -0.01448760     -0.12862515     -7.23078000      0.63255585     -3.43289343
      0.01620614      0.02515405     -0.00813561      0.00195632     -0.31656702      0.37336902      0.07520344      0.10721250     -0.20216720     -1.81519448      0.44527305     -1.00939749     -2.62492849      5.00023155     -2.18913541      0.72927988     -0.02318118      0.41442352      0.52948549     -1.47722246      0.45840517
     -0.03462451      0.06331853     -0.15160329     -0.37686900      0.36886623      0.88617801      0.35486148     -0.17872601     -0.57163782     -0.07813809      0.13664456      0.17848102     13.20507554     -2.18913541      9.66738002     -0.31539146      0.01767503     -0.02445158     -3.44882231      0.50053138     -2.86591993
      0.01431378     -0.01049799     -0.03932174     -7.54903378      0.62448925     -3.27456259     -4.09334527     -3.77076834     -0.67477583      0.24689273     -0.49053226      0.18130426     -0.11277160      0.72927988     -0.31539146      4.38875030      0.01073880      1.71749284     -1.03599294      0.82477032     -0.55492700
      0.11242566      0.00332749     -0.12810008      0.72163804     -1.50556512      0.47375544     -3.86393986     -6.63682808     -0.57990607      0.26606581     -0.57992349      0.31972578     -0.01448760     -0.02318118      0.01767503      0.01073880      6.07946309     -1.28727396      0.80989885     -3.56417549      1.23066022
     -0.14559488      0.03403033      0.09570569     -3.30948168      0.39934313     -2.64957135     -0.62451942     -0.53433230     -1.11064622     -0.01989710     -0.04679384      0.14693469     -0.12862515      0.41442352     -0.02445158      1.71749284     -1.28727396      2.00132332     -0.54236513      1.21151338     -0.92819185
      0.09382983      0.01123508     -0.13169451     -0.10968744      0.73769794     -0.29497007      0.25779358     -0.48373749      0.16196730     -4.19922412     -3.81925051     -0.52353095     -7.23078000      0.52948549     -3.44882231     -1.03599294      0.80989885     -0.54236513      4.29230626      0.06181223      1.72378317
     -0.13032397     -0.04353710      0.13776275     -0.03056138     -0.02831167      0.02237593      0.27762324     -0.51787506      0.30707997     -3.90014252     -6.37551482     -0.39110611      0.63255585     -1.47722246      0.50053138      0.82477032     -3.56417549      1.21151338      0.06181223      6.00837267     -1.34864038
     -0.01390767     -0.04235917      0.02104171     -0.12818050      0.40573739     -0.00755902     -0.01215095     -0.07565477      0.15096754     -0.52861986     -0.35878814     -1.12531598     -3.43289343      0.45840517     -2.86591993     -0.55492700      1.23066022     -0.92819185      1.72378317     -1.34864038      2.04135827
