      1.24110026     -0.44275810      1.22688845     -0.42756650      0.23184988     -0.11929996     -1.45705623     -0.74948300     -1.86872745     -1.69567944      1.42239772     -1.95556310      0.13015862      0.28776854      0.01427630      0.15443753     -0.21856294     -0.05355973
     -0.44275810      6.51797343      0.29165303      0.23464105     -4.30992207     -0.42161129     -0.80808300     -2.82393502     -2.97301849      1.47373973     -4.14173358      3.51967027      0.00956394     -0.45586082     -0.11921661      0.04136518     -0.30089708      0.01876110
      1.22688845      0.29165303      4.60352759     -0.11567968     -0.42551505     -0.84345137     -1.87728175     -2.83449798     -7.38430609     -1.93830134      3.38560822     -5.82649317     -0.06277168      0.69774746      0.15986209      0.02671816     -0.80146905      0.00313582
     -0.42756650      0.23464105     -0.11567968      1.24134263     -0.44000136      1.22462809      0.15115364     -0.22025108     -0.05172363      0.13255131      0.27996436      0.02034398     -1.69128486      1.41314224     -1.94728268     -1.44401235     -0.74744887     -1.84001403
      0.23184988     -4.30992207     -0.42551505     -0.44000136      6.53920050      0.30548041      0.05920581     -0.30759223      0.01484383      0.02082560     -0.44610299     -0.12511125      1.45489657     -4.08156496      3.46936468     -0.80081443     -2.84527337     -2.95566923
     -0.11929996     -0.42161129     -0.84345137      1.22462809      0.30548041      4.58038934      0.02595601     -0.81086682     -0.00001350     -0.05520259      0.68666345      0.16743730     -1.94582862      3.36040943     -5.81349076     -1.83400312     -2.84907814     -7.31424851
     -1.45705623     -0.80808300     -1.87728175      0.15115364      0.05920581      0.02595601      4.14264321      2.91856968      7.05946478      0.05936113     -0.39716860     -0.61764499     -0.70735660     -0.09873470      0.29172795      1.07596744      0.15464039     -0.30333706
     -0.74948300     -2.82393502     -2.83449798     -0.22025108     -0.30759223     -0.81086682      2.91856968     10.32420239     11.18415999      0.41491005      0.81205155      1.44565539     -0.08353580      0.15221340      0.03183196      0.14859391     -0.42712540     -0.03969168
     -1.86872745     -2.97301849     -7.38430609     -0.05172363      0.01484383     -0.00001350      7.05946478     11.18415999     26.63304525     -0.44948049     -0.98050945     -1.29519594      0.28393886      0.01715182      0.03507192     -0.29717162     -0.02568670      0.23692773
     -1.69567944      1.47373973     -1.93830134      0.13255131      0.02082560     -0.05520259      0.05936113      0.41491005     -0.44948049      5.06518572     -5.55574436      7.42198046      1.07656779      0.09261494     -0.29692523     -0.71619372     -0.07442648      0.28333702
      1.42239772     -4.14173358      3.38560822      0.27996436     -0.44610299      0.68666345     -0.39716860      0.81205155     -0.98050945     -5.55574436     15.36359236    -13.04019674      0.10179175     -0.40748199     -0.16826657     -0.08266400      0.14829916      0.01388388
     -1.95556310      3.51967027     -5.82649317      0.02034398     -0.12511125      0.16743730     -0.61764499      1.44565539     -1.29519594      7.42198046    -13.04019674     20.71978130     -0.31434019     -0.16888381      0.23780609      0.27369376      0.04272546      0.05313299
      0.13015862      0.00956394     -0.06277168     -1.69128486      1.45489657     -1.94582862     -0.70735660     -0.08353580      0.28393886      1.07656779      0.10179175     -0.31434019      5.01024215     -5.56142023      7.39226786      0.04972822      0.42844803     -0.42601834
      0.28776854     -0.45586082      0.69774746      1.41314224     -4.08156496      3.36040943     -0.09873470      0.15221340      0.01715182      0.09261494     -0.40748199     -0.16888381     -5.56142023     15.17651843    -12.92031380     -0.36602697      0.79663387     -0.97255297
      0.01427630     -0.11921661      0.15986209     -1.94728268      3.46936468     -5.81349076      0.29172795      0.03183196      0.03507192     -0.29692523     -0.16826657      0.23780609      7.39226786    -12.92031380     20.59983475     -0.67972527      1.44030651     -1.33803422
      0.15443753      0.04136518      0.02671816     -1.44401235     -0.80081443     -1.83400312      1.07596744      0.14859391     -0.29717162     -0.71619372     -0.08266400      0.27369376      0.04972822     -0.36602697     -0.67972527      4.06346632      2.88470764      6.95741005
     -0.21856294     -0.30089708     -0.80146905     -0.74744887     -2.84527337     -2.84907814      0.15464039     -0.42712540     -0.02568670     -0.07442648      0.14829916      0.04272546      0.42844803      0.79663387      1.44030651      2.88470764     10.38907251     11.27690753
     -0.05355973      0.01876110      0.00313582     -1.84001403     -2.95566923     -7.31424851     -0.30333706     -0.03969168      0.23692773      0.28333702      0.01388388      0.05313299     -0.42601834     -0.97255297     -1.33803422      6.95741005     11.27690753     26.45328133
